305                                              

9.999999999999991e-01 1.665334536937735e-16
9.999999999999991e-01 1.665334536937735e-16
9.999999999999994e-01 -5.551115123125783e-17
9.999999999999999e-01 -3.053113317719180e-16
9.999999999999999e-01 -3.053113317719180e-16
1.000000000000000e+00 -2.775557561562891e-17

1.683772233983170e+00 -1.665334536937735e-15
1.683772233983175e+00 -1.262878690511116e-15
1.999999999999996e+00 6.300515664747763e-15
1.999999999999992e+00 2.081668171172169e-15
2.316227766016818e+00 -5.856426454897701e-15
2.316227766016842e+00 -4.385380947269368e-15

1.683772233983187e+00 -3.080868893334809e-15
1.683772233983191e+00 -3.469446951953614e-15
1.999999999999925e+00 8.285039321265231e-15
2.316227766016885e+00 -6.161737786669619e-15
1.999999999999995e+00 2.865763182313685e-15
2.316227766016849e+00 -2.511879593214417e-15

1.683772233983189e+00 1.132427485117660e-14
1.683772233983218e+00 1.521005543736464e-14
1.999999999999944e+00 -1.554312234475219e-14
2.316227766016875e+00 1.279532035880493e-14
2.316227766016899e+00 1.595945597898663e-14
1.999999999999912e+00 -2.323141679028140e-14

1.683772233983228e+00 -3.955169525227120e-15
1.683772233983217e+00 -3.934352843515398e-15
2.316227766016914e+00 -6.307454558651671e-15
1.999999999999893e+00 7.799316747991725e-15
1.999999999999907e+00 6.980527267330672e-15
2.316227766016927e+00 -6.439293542825908e-15

1.683772233983210e+00 6.078471059822732e-15
1.683772233983212e+00 5.259681579161679e-15
2.316227766016883e+00 1.018629625093581e-14
1.999999999999915e+00 -1.262878690511116e-14
2.316227766016882e+00 6.772360450213455e-15
1.999999999999938e+00 -8.770761894538737e-15

1.683772233983143e+00 -4.597017211338539e-17
1.683772233983160e+00 -8.435092901937224e-17
2.316227766016788e+00 -2.125036258071589e-17
2.316227766016802e+00 -2.753873518113181e-17
2.000000000000039e+00 7.047314121155779e-17
2.000000000000040e+00 5.204170427930421e-17

1.683772233983167e+00 1.249000902703301e-16
2.000000000000006e+00 6.730727086790012e-16
1.683772233983166e+00 -5.204170427930421e-16
1.999999999999975e+00 4.649058915617843e-16
2.316227766016855e+00 -3.053113317719180e-16
2.316227766016835e+00 -7.528699885739343e-16

1.683772233983147e+00 8.881784197001252e-15
2.000000000000034e+00 -1.440514374451141e-14
1.683772233983149e+00 1.074140776324839e-14
2.316227766016814e+00 1.054711873393899e-14
2.000000000000034e+00 -1.845745778439323e-14
2.316227766016799e+00 1.246225345141738e-14

1.683772233983223e+00 4.184153024056059e-15
1.999999999999942e+00 -2.595146320061303e-15
1.683772233983222e+00 3.601285936127852e-15
2.316227766016882e+00 3.205768983605140e-15
2.316227766016893e+00 3.899658373995862e-15
1.999999999999899e+00 -8.021361352916756e-15

1.683772233983162e+00 1.741662369880714e-15
1.999999999999964e+00 -4.045375145977914e-15
1.999999999999968e+00 -2.543104615781999e-15
1.683772233983189e+00 2.157996004115148e-15
2.316227766016866e+00 2.157996004115148e-15
2.316227766016858e+00 2.602085213965211e-15

1.657842236748172e+00 -8.743006318923108e-16
2.060643159212905e+00 6.245004513516506e-16
2.060643159212954e+00 -8.743006318923108e-16
2.060643159212936e+00 -2.775557561562891e-17
2.060643159212934e+00 2.428612866367530e-15
2.060643159212948e+00 2.775557561562891e-16

1.683772233983149e+00 1.165734175856414e-15
1.999999999999995e+00 -2.525757381022231e-15
2.000000000000003e+00 2.775557561562891e-16
2.000000000000008e+00 1.332267629550188e-15
2.000000000000009e+00 -3.275157922644212e-15
2.316227766016822e+00 2.664535259100376e-15

1.683772233983134e+00 -2.019218126037003e-15
2.000000000000039e+00 3.358424649491099e-15
1.999999999999993e+00 -1.360023205165817e-15
2.000000000000012e+00 -1.387778780781446e-15
2.316227766016826e+00 4.857225732735060e-16
1.999999999999985e+00 -9.714451465470120e-17

1.780788399408462e+00 -1.054711873393899e-15
1.856703238773326e+00 4.440892098500626e-15
1.856703238773376e+00 -1.915134717478395e-15
1.856703238773361e+00 -1.373900992973631e-15
2.362508361818129e+00 4.163336342344337e-16
2.362508361818136e+00 -1.179611963664229e-15

1.683772233983125e+00 5.107025913275720e-15
2.000000000000026e+00 -1.054711873393899e-15
2.000000000000026e+00 -8.326672684688674e-15
2.316227766016832e+00 9.992007221626409e-16
1.683772233983147e+00 1.054711873393899e-15
2.316227766016834e+00 2.997602166487923e-15

1.683772233983165e+00 2.775557561562891e-16
1.999999999999995e+00 2.137179322403426e-15
1.999999999999993e+00 2.567390744445674e-15
2.316227766016855e+00 -8.465450562766819e-16
2.000000000000008e+00 -5.134781488891349e-15
1.999999999999991e+00 7.216449660063518e-16

1.780788399408597e+00 -4.718447854656915e-15
1.856703238773280e+00 1.235123114895487e-14
1.856703238773317e+00 4.440892098500626e-16
2.362508361818149e+00 -2.220446049250313e-16
1.856703238773318e+00 -1.038058528024521e-14
2.362508361818160e+00 -6.106226635438361e-16

1.683772233983166e+00 3.816391647148976e-15
1.999999999999972e+00 -4.038436252074007e-15
1.999999999999989e+00 -5.662137425588298e-15
2.316227766016841e+00 2.581268532253489e-15
2.316227766016870e+00 4.510281037539698e-15
1.683772233983170e+00 2.567390744445674e-15

1.780788399408587e+00 4.524158825347513e-15
1.856703238773369e+00 5.870304242705515e-15
1.856703238773249e+00 -1.468269950066770e-14
2.362508361818146e+00 1.221245327087672e-15
2.362508361818142e+00 -3.802513859341161e-15
1.856703238773314e+00 6.300515664747763e-15

2.219211600591406e+00 7.514822097931528e-15
1.637491638181849e+00 1.200428645375951e-15
1.637491638181847e+00 1.006139616066548e-15
2.143296761226702e+00 -5.967448757360216e-16
2.143296761226645e+00 1.477984401532240e-15
2.143296761226738e+00 -9.062195438502840e-15

1.683772233983219e+00 -8.576472865229334e-15
1.999999999999930e+00 4.940492459581947e-15
2.316227766016917e+00 -9.409140133698202e-15
1.683772233983241e+00 -1.060262988517024e-14
1.999999999999873e+00 2.184363800949995e-14
2.316227766016905e+00 -1.151856388048600e-14

1.683772233983240e+00 1.679212324745549e-15
1.999999999999889e+00 -3.108624468950438e-15
2.316227766016913e+00 2.386979502944087e-15
1.683772233983240e+00 1.991462550421375e-15
2.316227766016913e+00 2.692290834716005e-15
1.999999999999880e+00 -3.622102617839573e-15

1.683772233983143e+00 6.106226635438361e-16
2.000000000000024e+00 7.382983113757291e-15
2.316227766016817e+00 -1.776356839400250e-15
2.000000000000049e+00 -7.549516567451064e-15
1.683772233983130e+00 -4.607425552194400e-15
2.316227766016794e+00 1.110223024625157e-16

1.683772233983166e+00 9.020562075079397e-16
1.999999999999952e+00 1.235123114895487e-15
2.316227766016858e+00 6.938893903907228e-17
2.000000000000021e+00 -4.538036613155327e-15
2.000000000000000e+00 -5.551115123125783e-17
2.000000000000004e+00 2.650657471292561e-15

1.780788399408613e+00 -1.149080830487037e-14
1.856703238773241e+00 1.443289932012704e-14
2.362508361818138e+00 -4.163336342344337e-16
1.856703238773359e+00 -1.137978600240785e-14
1.856703238773309e+00 4.357625371653739e-15
2.362508361818142e+00 2.109423746787797e-15

1.683772233983109e+00 -1.036670749243740e-14
2.000000000000085e+00 1.817990202823694e-14
2.316227766016787e+00 -1.267042026853460e-14
2.000000000000079e+00 1.641742297664450e-14
2.316227766016774e+00 -1.293409823688307e-14
1.683772233983102e+00 -1.156019724390944e-14

1.780788399408591e+00 8.645861804268407e-15
1.856703238773265e+00 9.992007221626409e-16
2.362508361818158e+00 4.135580766728708e-15
1.856703238773391e+00 -2.914335439641036e-16
2.362508361818143e+00 -3.053113317719180e-16
1.856703238773260e+00 -1.153244166829381e-14

2.219211600591485e+00 7.001343949042393e-15
1.637491638181860e+00 2.567390744445674e-16
2.143296761226746e+00 -5.440092820663267e-15
1.637491638181855e+00 6.869504964868156e-16
2.143296761226659e+00 -1.727784582072900e-15
2.143296761226596e+00 2.775557561562891e-17

1.683772233983174e+00 -4.940492459581947e-15
1.999999999999984e+00 1.545985561790530e-14
2.316227766016834e+00 -6.050715484207103e-15
2.316227766016840e+00 -4.662936703425657e-15
1.683772233983165e+00 -1.415534356397075e-15
2.000000000000020e+00 -3.497202527569243e-15

1.683772233983164e+00 -9.992007221626409e-16
2.000000000000016e+00 1.255939796607208e-15
2.316227766016833e+00 -1.020017403874363e-15
2.316227766016818e+00 1.734723475976807e-16
2.000000000000011e+00 5.551115123125783e-17
1.683772233983152e+00 -3.469446951953614e-16

1.780788399408579e+00 1.942890293094024e-15
1.856703238773293e+00 4.357625371653739e-15
2.362508361818143e+00 -8.049116928532385e-16
2.362508361818134e+00 2.400857290751901e-15
1.856703238773372e+00 -8.673617379884035e-15
1.856703238773274e+00 1.443289932012704e-15

2.219211600591374e+00 2.892130979148533e-14
1.637491638181845e+00 1.193489751472043e-15
2.143296761226683e+00 -8.881784197001252e-15
2.143296761226738e+00 -1.976196983832779e-14
1.637491638181843e+00 -1.110223024625157e-16
2.143296761226695e+00 1.387778780781446e-15

2.219211600591273e+00 -4.191091917959966e-15
1.637491638181845e+00 1.630640067418199e-16
2.143296761226655e+00 -1.006139616066548e-15
2.143296761226805e+00 4.201500258815827e-15
2.143296761226735e+00 3.608224830031759e-16
1.637491638181835e+00 -1.144917494144693e-16

1.683772233983177e+00 -9.103828801926284e-15
2.316227766016872e+00 -1.360023205165817e-14
1.683772233983182e+00 -1.115774139748282e-14
1.999999999999984e+00 1.199040866595169e-14
1.999999999999960e+00 2.825517597671023e-14
2.316227766016853e+00 -1.421085471520200e-14

1.683772233983156e+00 -2.046973701652632e-15
2.316227766016781e+00 -8.396061623727746e-16
1.683772233983143e+00 -5.342948306008566e-16
2.000000000000042e+00 9.575673587391975e-16
2.316227766016791e+00 -1.040834085586084e-16
2.000000000000069e+00 9.506284648352903e-16

1.683772233983107e+00 1.659783421814609e-14
2.316227766016800e+00 1.404432126150823e-14
1.683772233983122e+00 1.260103132949553e-14
2.316227766016807e+00 1.865174681370263e-14
2.000000000000052e+00 -1.454392162258955e-14
2.000000000000058e+00 -2.650657471292561e-14

1.683772233983206e+00 -2.720046410331634e-15
2.316227766016878e+00 3.053113317719180e-15
1.999999999999946e+00 1.665334536937735e-16
1.683772233983199e+00 -3.441691376337985e-15
1.999999999999958e+00 -2.164934898019055e-15
2.316227766016846e+00 4.496403249731884e-15

1.683772233983150e+00 3.285566263500073e-15
2.316227766016817e+00 4.558853294867049e-15
1.999999999999997e+00 -4.996003610813204e-15
1.683772233983137e+00 3.805983306293115e-15
2.316227766016837e+00 3.851086116668512e-15
2.000000000000037e+00 -5.877243136609422e-15

1.683772233983150e+00 -9.825473767932635e-15
2.316227766016828e+00 -1.099120794378905e-14
2.000000000000013e+00 5.939693181744587e-15
1.999999999999988e+00 2.597921877622866e-14
1.683772233983168e+00 -6.938893903907228e-15
2.316227766016861e+00 -1.976196983832779e-14

1.683772233983170e+00 6.383782391594650e-16
2.316227766016849e+00 -6.050715484207103e-15
1.999999999999973e+00 1.121325254871408e-14
1.999999999999983e+00 -1.026956297778270e-15
1.999999999999996e+00 2.220446049250313e-16
2.000000000000017e+00 -2.858824288409778e-15

1.780788399408541e+00 -3.541611448554249e-14
2.362508361818133e+00 2.109423746787797e-15
1.856703238773258e+00 2.725597525454759e-14
1.856703238773409e+00 -1.448841047135829e-14
1.856703238773317e+00 1.643130076445232e-14
2.362508361818129e+00 -8.881784197001252e-16

1.683772233983117e+00 -1.457167719820518e-15
2.316227766016810e+00 -1.030425744730223e-15
2.000000000000070e+00 2.241262730962035e-15
2.000000000000045e+00 1.602884491802570e-15
2.316227766016808e+00 -1.280225925270884e-15
1.683772233983116e+00 -1.261143967035139e-15

1.780788399408586e+00 -2.428612866367530e-16
2.362508361818161e+00 -3.747002708109903e-16
1.856703238773359e+00 -1.242062008799394e-15
1.856703238773273e+00 1.165734175856414e-15
2.362508361818157e+00 -3.955169525227120e-16
1.856703238773273e+00 1.127570259384925e-15

2.219211600591496e+00 -2.337019466835955e-14
2.143296761226654e+00 -8.770761894538737e-15
1.637491638181861e+00 -3.330669073875470e-15
1.637491638181854e+00 1.026956297778270e-15
2.143296761226671e+00 2.886579864025407e-14
2.143296761226678e+00 2.553512956637860e-15

1.683772233983173e+00 8.937295348232510e-15
2.316227766016838e+00 1.654232306691483e-14
2.000000000000008e+00 -1.765254609153999e-14
2.316227766016849e+00 1.065814103640150e-14
1.683772233983173e+00 5.939693181744587e-15
1.999999999999969e+00 -1.326716514427062e-14

1.683772233983187e+00 4.954370247389761e-15
2.316227766016842e+00 9.520162436160717e-15
1.999999999999984e+00 -5.134781488891349e-15
2.316227766016857e+00 1.193489751472043e-15
1.999999999999971e+00 -8.493206138382448e-15
1.683772233983173e+00 4.080069615497450e-15

1.780788399408676e+00 7.188694084447889e-15
2.362508361818163e+00 1.110223024625157e-16
1.856703238773218e+00 1.115774139748282e-14
2.362508361818155e+00 1.942890293094024e-15
1.856703238773262e+00 2.553512956637860e-15
1.856703238773336e+00 -1.787459069646502e-14

2.219211600591431e+00 1.428857032692576e-13
2.143296761226610e+00 -4.729550084903167e-14
1.637491638181855e+00 9.880984919163893e-15
2.143296761226718e+00 -4.307665335545607e-14
1.637491638181859e+00 3.497202527569243e-15
2.143296761226723e+00 -5.151434834260726e-14

2.219211600591428e+00 1.793010184769628e-14
2.143296761226674e+00 -8.881784197001252e-15
1.637491638181858e+00 1.970645868709653e-15
2.143296761226625e+00 1.776356839400250e-15
2.143296761226757e+00 -1.118549697309845e-14
1.637491638181858e+00 1.790234627208065e-15

1.683772233983150e+00 -1.051936315832336e-14
2.316227766016804e+00 -8.326672684688674e-16
2.316227766016830e+00 -9.409140133698202e-15
1.683772233983137e+00 -8.354428260304303e-15
2.000000000000022e+00 3.913536161803677e-15
2.000000000000044e+00 1.482147737874584e-14

1.683772233983200e+00 -6.161737786669619e-15
2.316227766016882e+00 -9.547918011776346e-15
2.316227766016887e+00 -1.287858708565182e-14
1.999999999999919e+00 2.370326157574709e-14
1.683772233983191e+00 -9.325873406851315e-15
1.999999999999947e+00 7.771561172376096e-15

1.683772233983172e+00 -1.290634266126744e-15
2.316227766016834e+00 1.776356839400250e-15
2.316227766016844e+00 -1.082467449009528e-15
1.999999999999998e+00 4.163336342344337e-15
1.999999999999985e+00 -1.568190022283034e-15
1.683772233983179e+00 -2.386979502944087e-15

1.780788399408615e+00 -4.315992008230296e-14
2.362508361818125e+00 5.828670879282072e-15
2.362508361818142e+00 -1.554312234475219e-15
1.856703238773276e+00 1.851296893562449e-14
1.856703238773292e+00 2.323141679028140e-14
1.856703238773339e+00 -3.580469254416130e-15

2.219211600591452e+00 4.818367926873179e-14
2.143296761226694e+00 -3.164135620181696e-14
2.143296761226677e+00 -3.180788965551073e-14
1.637491638181861e+00 3.996802888650564e-15
1.637491638181861e+00 6.661338147750939e-15
2.143296761226664e+00 8.659739592076221e-15

2.219211600591423e+00 -2.038647028967944e-14
2.143296761226731e+00 7.882583474838611e-15
2.143296761226635e+00 1.464106613724425e-14
1.637491638181860e+00 -1.193489751472043e-15
2.143296761226688e+00 -1.526556658859590e-15
1.637491638181850e+00 -1.595945597898663e-15

2.219211600591370e+00 1.637578961322106e-14
2.143296761226734e+00 -2.936539900133539e-14
2.143296761226701e+00 3.774758283725532e-15
2.143296761226685e+00 8.160139230994901e-15
1.637491638181838e+00 -6.106226635438361e-16
1.637491638181853e+00 3.053113317719180e-16

1.999999999999988e+00 2.262079412673756e-15
1.683772233983169e+00 -9.992007221626409e-16
1.683772233983169e+00 -2.296773882193293e-15
1.999999999999978e+00 1.817990202823694e-15
2.316227766016835e+00 -2.678413046908190e-15
2.316227766016867e+00 0.000000000000000e+00

2.000000000000132e+00 -1.804112415015879e-14
1.683772233983073e+00 1.114386360967501e-14
1.683772233983088e+00 8.923417560424696e-15
2.316227766016747e+00 1.057487430955462e-14
2.000000000000112e+00 -1.201816424156732e-14
2.316227766016747e+00 1.165734175856414e-14

2.000000000000056e+00 -2.456368441983159e-15
1.683772233983120e+00 -1.165734175856414e-15
1.683772233983113e+00 -1.804112415015879e-16
2.316227766016828e+00 2.803313137178520e-15
2.316227766016809e+00 6.661338147750939e-16
2.000000000000043e+00 3.330669073875470e-16

2.000000000000029e+00 2.643718577388654e-15
1.683772233983145e+00 -1.949829186997931e-15
2.000000000000040e+00 3.101685575046531e-15
1.683772233983144e+00 -2.074729277268261e-15
2.316227766016816e+00 -1.151856388048600e-15
2.316227766016805e+00 -2.414735078559715e-15

2.060643159212925e+00 -2.775557561562891e-16
1.657842236748158e+00 9.020562075079397e-17
2.060643159212942e+00 4.996003610813204e-16
2.060643159212955e+00 4.371503159461554e-16
2.060643159212941e+00 -1.054711873393899e-15
2.060643159212951e+00 2.567390744445674e-16

2.000000000000007e+00 -1.110223024625157e-15
1.683772233983160e+00 -2.359223927328458e-16
2.000000000000007e+00 1.471045507628332e-15
1.999999999999969e+00 3.719247132494274e-15
2.000000000000026e+00 -1.762479051592436e-15
2.316227766016843e+00 -1.026956297778270e-15

1.999999999999986e+00 3.649858193455202e-15
1.683772233983181e+00 1.068589661201713e-15
1.999999999999956e+00 -4.135580766728708e-15
2.000000000000024e+00 -9.714451465470120e-16
2.316227766016839e+00 -1.332267629550188e-15
2.000000000000008e+00 1.221245327087672e-15

1.856703238773318e+00 2.442490654175344e-15
1.780788399408531e+00 -3.538835890992686e-15
1.856703238773361e+00 6.633582572135310e-15
1.856703238773304e+00 -4.440892098500626e-15
2.362508361818161e+00 1.110223024625157e-16
2.362508361818158e+00 -4.163336342344337e-16

1.999999999999948e+00 2.653433028854124e-14
1.683772233983167e+00 -1.404432126150823e-14
1.999999999999985e+00 2.853273173286652e-14
2.316227766016871e+00 -2.092770401418420e-14
1.683772233983175e+00 -1.559863349598345e-14
2.316227766016884e+00 -2.653433028854124e-14

1.999999999999970e+00 1.908195823574488e-15
1.683772233983164e+00 5.620504062164855e-16
2.000000000000040e+00 -5.551115123125783e-16
2.316227766016836e+00 4.718447854656915e-16
1.999999999999984e+00 3.885780586188048e-16
2.000000000000008e+00 -2.373101715136272e-15

1.856703238773386e+00 -5.495603971894525e-15
1.780788399408458e+00 2.803313137178520e-14
1.856703238773394e+00 -1.346145417358002e-14
2.362508361818137e+00 3.608224830031759e-15
1.856703238773286e+00 -1.149080830487037e-14
2.362508361818145e+00 2.553512956637860e-15

1.999999999999864e+00 -9.117706589734098e-15
1.683772233983250e+00 5.148659276699163e-15
1.999999999999910e+00 -4.884981308350689e-15
2.316227766016920e+00 5.467848396278896e-15
2.316227766016917e+00 6.050715484207103e-15
1.683772233983258e+00 6.536438057480609e-15

1.856703238773430e+00 1.162958618294851e-14
1.780788399408448e+00 6.522560269672795e-15
1.856703238773367e+00 -5.620504062164855e-15
2.362508361818123e+00 1.804112415015879e-15
2.362508361818116e+00 -1.804112415015879e-15
1.856703238773301e+00 -1.047772979489991e-14

1.637491638181868e+00 -2.192690473634684e-15
2.219211600591491e+00 -2.944866572818228e-14
1.637491638181872e+00 -2.914335439641036e-15
2.143296761226614e+00 3.261280134836397e-14
2.143296761226738e+00 3.635980405647388e-15
2.143296761226642e+00 -6.800116025829084e-15

2.000000000000025e+00 -9.853229343548264e-16
1.683772233983143e+00 -1.387778780781446e-16
2.316227766016794e+00 6.245004513516506e-16
1.683772233983134e+00 1.720845688168993e-15
2.000000000000055e+00 -7.771561172376096e-16
2.316227766016806e+00 3.608224830031759e-16

1.999999999999998e+00 7.355227538141662e-16
1.683772233983144e+00 -2.595146320061303e-15
2.316227766016846e+00 -1.540434446667405e-15
1.683772233983141e+00 -2.289834988289385e-15
2.316227766016814e+00 -2.942091015256665e-15
2.000000000000026e+00 4.982125823005390e-15

2.000000000000070e+00 -1.221245327087672e-15
1.683772233983104e+00 -4.857225732735060e-15
2.316227766016774e+00 3.719247132494274e-15
2.000000000000110e+00 -1.415534356397075e-15
1.683772233983109e+00 -5.440092820663267e-15
2.316227766016762e+00 5.939693181744587e-15

2.000000000000003e+00 8.812395257962180e-16
1.683772233983155e+00 -7.771561172376096e-16
2.316227766016830e+00 -1.089406342913435e-15
1.999999999999978e+00 1.679212324745549e-15
2.000000000000036e+00 -1.512678871051776e-15
1.999999999999988e+00 4.579669976578771e-16

1.856703238773322e+00 -1.390554338343009e-14
1.780788399408469e+00 2.525757381022231e-14
2.362508361818126e+00 3.053113317719180e-15
1.856703238773403e+00 -1.368349877850505e-14
1.856703238773342e+00 0.000000000000000e+00
2.362508361818122e+00 4.801714581503802e-15

2.000000000000050e+00 1.804112415015879e-16
1.683772233983126e+00 1.054711873393899e-15
2.316227766016782e+00 -1.193489751472043e-15
2.000000000000074e+00 -7.077671781985373e-16
2.316227766016798e+00 3.885780586188048e-16
1.683772233983119e+00 -1.387778780781446e-16

1.856703238773373e+00 1.422473250300982e-14
1.780788399408432e+00 1.665334536937735e-16
2.362508361818156e+00 1.526556658859590e-15
1.856703238773389e+00 -1.705580121580397e-14
2.362508361818143e+00 2.053912595556540e-15
1.856703238773305e+00 1.471045507628332e-15

1.637491638181870e+00 -6.106226635438361e-16
2.219211600591525e+00 -4.912736883966318e-15
2.143296761226624e+00 2.398081733190338e-14
1.637491638181855e+00 7.494005416219807e-16
2.143296761226713e+00 -8.715250743307479e-15
2.143296761226635e+00 -9.825473767932635e-15

1.999999999999970e+00 7.188694084447889e-15
1.683772233983184e+00 -3.524958103184872e-15
2.316227766016905e+00 -7.049916206369744e-15
2.316227766016863e+00 -3.719247132494274e-15
1.683772233983186e+00 -4.163336342344337e-15
1.999999999999940e+00 3.330669073875470e-15

1.999999999999928e+00 2.654126918244515e-16
1.683772233983198e+00 -3.001071613439876e-16
2.316227766016882e+00 -3.469446951953614e-17
2.316227766016904e+00 -3.833738881908744e-16
1.999999999999930e+00 5.204170427930421e-16
1.683772233983209e+00 -3.937822290467352e-16

1.856703238773304e+00 6.508682481864980e-15
1.780788399408459e+00 6.730727086790012e-15
2.362508361818125e+00 1.415534356397075e-15
2.362508361818169e+00 1.110223024625157e-16
1.856703238773334e+00 -3.275157922644212e-15
1.856703238773393e+00 -8.965050923848139e-15

1.637491638181854e+00 1.110223024625157e-15
2.219211600591358e+00 4.157785227221211e-14
2.143296761226720e+00 -1.221245327087672e-14
2.143296761226713e+00 -4.496403249731884e-15
1.637491638181852e+00 1.387778780781446e-15
2.143296761226699e+00 -2.142730437526552e-14

1.637491638181851e+00 -1.110223024625157e-16
2.219211600591430e+00 -1.592476150946709e-15
2.143296761226662e+00 7.077671781985373e-16
2.143296761226679e+00 -1.110223024625157e-16
2.143296761226696e+00 1.686151218649456e-15
1.637491638181856e+00 -3.122502256758253e-17

2.000000000000039e+00 -5.995204332975845e-15
2.000000000000064e+00 -1.942890293094024e-16
1.683772233983137e+00 1.963706974805746e-15
1.683772233983138e+00 2.130240428499519e-15
2.316227766016782e+00 3.677613769070831e-15
2.316227766016793e+00 2.942091015256665e-15

2.060643159212926e+00 -5.356826093816380e-15
2.060643159212935e+00 5.606626274357041e-15
1.657842236748171e+00 -1.609823385706477e-15
2.060643159212920e+00 3.774758283725532e-15
2.060643159212938e+00 -1.804112415015879e-15
2.060643159212968e+00 -2.997602166487923e-15

2.000000000000019e+00 -1.282307593442056e-14
1.999999999999998e+00 2.498001805406602e-15
1.683772233983165e+00 -2.525757381022231e-15
1.999999999999991e+00 5.551115123125783e-16
1.999999999999987e+00 7.160938508832260e-15
2.316227766016845e+00 1.665334536937735e-16

2.000000000000008e+00 -2.710505431213761e-17
2.000000000000003e+00 1.474514954580286e-17
1.683772233983156e+00 -5.204170427930421e-18
2.000000000000017e+00 -9.540979117872439e-18
2.316227766016834e+00 -4.813857645835640e-17
1.999999999999984e+00 5.616167253474913e-17

1.856703238773326e+00 -7.910339050454240e-16
1.856703238773352e+00 8.180955912706622e-15
1.780788399408493e+00 -9.638123632527140e-15
1.856703238773341e+00 1.922073611382302e-15
2.362508361818142e+00 2.359223927328458e-16
2.362508361818145e+00 2.498001805406602e-16

2.000000000000023e+00 3.719247132494274e-14
1.999999999999981e+00 6.433742427702782e-14
1.683772233983164e+00 -2.969846590872294e-14
2.316227766016854e+00 -4.074518500374325e-14
1.683772233983164e+00 -3.613775945154885e-14
2.316227766016838e+00 -3.663735981263017e-14

2.000000000000012e+00 -6.161737786669619e-15
2.000000000000042e+00 -5.356826093816380e-15
1.683772233983156e+00 1.360023205165817e-15
2.316227766016822e+00 2.858824288409778e-15
1.999999999999998e+00 1.221245327087672e-15
1.999999999999976e+00 4.940492459581947e-15

1.856703238773308e+00 -3.136380044566067e-15
1.856703238773374e+00 -6.133982211053990e-15
1.780788399408518e+00 2.081668171172169e-15
2.362508361818142e+00 -3.330669073875470e-16
1.856703238773327e+00 6.522560269672795e-15
2.362508361818139e+00 -8.326672684688674e-16

2.000000000000056e+00 8.604228440844963e-16
2.000000000000064e+00 9.020562075079397e-17
1.683772233983137e+00 -9.714451465470120e-17
2.316227766016777e+00 -4.787836793695988e-16
2.316227766016791e+00 -9.298117831235686e-16
1.683772233983131e+00 4.857225732735060e-17

1.856703238773305e+00 -1.290634266126744e-15
1.856703238773348e+00 6.439293542825908e-15
1.780788399408434e+00 -1.085243006571091e-14
2.362508361818159e+00 8.326672684688674e-17
2.362508361818133e+00 -2.192690473634684e-15
1.856703238773391e+00 4.746203430272544e-15

1.637491638181852e+00 6.453171330633722e-16
1.637491638181845e+00 -5.551115123125783e-17
2.219211600591413e+00 -9.853229343548264e-16
2.143296761226668e+00 -9.992007221626409e-16
2.143296761226769e+00 8.673617379884035e-15
2.143296761226654e+00 -6.744604874597826e-15

2.060643159212952e+00 -9.464651284929460e-15
2.060643159212947e+00 2.803313137178520e-15
2.060643159212931e+00 8.465450562766819e-15
1.657842236748154e+00 3.524958103184872e-15
2.060643159212951e+00 -2.858824288409778e-15
2.060643159212937e+00 -1.693090112553364e-15

1.999999999999994e+00 -3.802513859341161e-15
2.000000000000037e+00 -6.800116025829084e-15
1.999999999999960e+00 6.300515664747763e-15
1.683772233983132e+00 6.605826996519681e-15
2.000000000000041e+00 -5.301314942585122e-15
2.316227766016799e+00 9.325873406851315e-15

2.000000000000015e+00 -4.943961906533900e-17
2.000000000000015e+00 5.030698080332741e-17
1.999999999999977e+00 4.770489558936220e-17
1.683772233983160e+00 -5.204170427930421e-18
2.316227766016854e+00 1.170938346284345e-16
1.999999999999991e+00 -9.194034422677078e-17

1.856703238773283e+00 -2.109423746787797e-15
1.856703238773338e+00 -2.095545958979983e-15
1.856703238773336e+00 -1.144917494144693e-15
1.780788399408583e+00 7.029099524658022e-15
2.362508361818124e+00 -1.748601263784622e-15
2.362508361818143e+00 1.096345236817342e-15

2.060643159212969e+00 -2.109423746787797e-15
2.060643159212987e+00 -5.717648576819556e-15
2.060643159212897e+00 1.187938636348917e-14
2.060643159212931e+00 -6.050715484207103e-15
1.657842236748173e+00 5.551115123125783e-17
2.060643159212919e+00 1.776356839400250e-15

1.999999999999986e+00 -6.716849298982197e-15
2.000000000000006e+00 -1.665334536937735e-16
1.999999999999986e+00 -4.996003610813204e-16
1.999999999999997e+00 1.088018564132653e-14
1.683772233983190e+00 -5.440092820663267e-15
2.316227766016847e+00 5.884182030513330e-15

2.060643159212938e+00 -4.204969705767780e-15
2.060643159212949e+00 -9.714451465470120e-17
2.060643159212935e+00 2.595146320061303e-15
2.060643159212932e+00 1.873501354054952e-15
2.060643159212957e+00 -6.106226635438361e-16
1.657842236748158e+00 -2.498001805406602e-16

1.999999999999981e+00 -4.135580766728708e-15
2.000000000000041e+00 -6.328271240363392e-15
2.000000000000012e+00 -1.498801083243961e-15
2.000000000000019e+00 -8.326672684688674e-16
1.999999999999956e+00 8.826273045769994e-15
1.999999999999981e+00 4.107825191113079e-15

1.939356840787038e+00 1.501576640805524e-14
1.939356840787067e+00 2.164934898019055e-15
1.939356840787064e+00 -1.160183060733289e-14
1.939356840787092e+00 -9.159339953157541e-15
1.939356840787061e+00 -3.164135620181696e-15
2.342157763251812e+00 6.272760089132134e-15

1.999999999999974e+00 -1.117161918529064e-15
1.999999999999971e+00 -3.608224830031759e-16
2.000000000000001e+00 -9.853229343548264e-16
2.000000000000052e+00 2.844946500601964e-15
2.316227766016828e+00 -7.632783294297951e-16
1.683772233983162e+00 9.714451465470120e-17

1.939356840787052e+00 -2.428612866367530e-16
1.939356840787101e+00 4.718447854656915e-16
1.939356840787087e+00 2.803313137178520e-15
1.939356840787073e+00 -6.938893903907228e-17
2.342157763251839e+00 9.020562075079397e-16
1.939356840786987e+00 -3.254341240932490e-15

1.837712795142715e+00 -2.067790383364354e-15
1.837712795142624e+00 2.539635168830046e-15
1.837712795142534e+00 -9.464651284929460e-15
1.837712795142673e+00 6.591949208711867e-15
2.364422876917099e+00 4.857225732735060e-16
2.364422876917097e+00 5.828670879282072e-16

1.999999999999994e+00 3.219646771412954e-15
1.999999999999978e+00 9.436895709313831e-15
2.000000000000010e+00 -1.942890293094024e-15
2.316227766016851e+00 -7.938094626069869e-15
1.683772233983182e+00 -1.665334536937735e-15
1.999999999999986e+00 2.220446049250313e-16

1.856703238773296e+00 2.831068712794149e-15
1.856703238773327e+00 -4.440892098500626e-15
1.856703238773238e+00 2.581268532253489e-14
2.362508361818153e+00 -6.772360450213455e-15
1.780788399408662e+00 -2.220446049250313e-14
2.362508361818150e+00 -6.661338147750939e-16

2.000000000000004e+00 -1.332267629550188e-15
1.999999999999989e+00 -2.081668171172169e-15
1.999999999999996e+00 4.024558464266192e-16
2.316227766016812e+00 1.998401444325282e-15
2.000000000000028e+00 4.996003610813204e-16
1.683772233983151e+00 1.096345236817342e-15

1.939356840787029e+00 4.579669976578771e-15
1.939356840787083e+00 -7.771561172376096e-16
1.939356840787060e+00 4.996003610813204e-15
2.342157763251838e+00 -9.992007221626409e-16
1.939356840787057e+00 -4.884981308350689e-15
1.939356840787067e+00 -2.053912595556540e-15

1.837712795142646e+00 -2.189914916073121e-14
1.837712795142513e+00 2.897682094271659e-14
1.837712795142657e+00 0.000000000000000e+00
2.364422876917094e+00 6.439293542825908e-15
1.837712795142742e+00 -1.271205363195804e-14
2.364422876917110e+00 1.887379141862766e-15

1.856703238773388e+00 -2.678413046908190e-15
1.856703238773340e+00 4.982125823005390e-15
1.856703238773291e+00 -1.790234627208065e-15
2.362508361818140e+00 -2.275957200481571e-15
2.362508361818147e+00 -4.163336342344337e-16
1.780788399408484e+00 1.179611963664229e-15

1.837712795142718e+00 8.798517470154366e-15
1.837712795142670e+00 -9.908740494779522e-15
1.837712795142583e+00 -5.523359547510154e-15
2.364422876917111e+00 -1.387778780781446e-16
2.364422876917111e+00 4.718447854656915e-16
1.837712795142575e+00 5.967448757360216e-15

1.683772233983147e+00 -7.632783294297951e-16
1.683772233983168e+00 1.318389841742373e-15
1.683772233983170e+00 1.568190022283034e-15
2.316227766016852e+00 4.080069615497450e-15
2.316227766016839e+00 -8.326672684688674e-16
2.316227766016829e+00 -4.524158825347513e-15

2.000000000000016e+00 -4.718447854656915e-15
2.000000000000020e+00 -4.385380947269368e-15
2.316227766016819e+00 2.886579864025407e-15
1.683772233983158e+00 5.717648576819556e-15
1.683772233983156e+00 1.554312234475219e-15
2.316227766016827e+00 1.554312234475219e-15

2.000000000000036e+00 -5.967448757360216e-15
2.000000000000013e+00 2.081668171172169e-15
2.316227766016858e+00 -3.774758283725532e-15
1.683772233983164e+00 -1.151856388048600e-15
1.999999999999985e+00 -1.221245327087672e-15
1.999999999999958e+00 7.605027718682322e-15

1.856703238773299e+00 9.575673587391975e-15
1.856703238773378e+00 -1.454392162258955e-14
2.362508361818154e+00 2.081668171172169e-15
1.780788399408570e+00 -1.740274591099933e-14
1.856703238773268e+00 1.476596622751458e-14
2.362508361818154e+00 1.637578961322106e-15

1.999999999999965e+00 1.318389841742373e-15
2.000000000000008e+00 2.449429548079252e-15
2.316227766016844e+00 -1.949829186997931e-15
1.683772233983190e+00 -6.453171330633722e-16
2.316227766016846e+00 -9.714451465470120e-16
1.683772233983158e+00 -1.526556658859590e-15

1.856703238773304e+00 -5.412337245047638e-16
1.856703238773350e+00 7.160938508832260e-15
2.362508361818150e+00 -3.330669073875470e-16
1.780788399408445e+00 -1.303124275153777e-14
2.362508361818141e+00 -1.332267629550188e-15
1.856703238773391e+00 5.190292640122607e-15

1.637491638181860e+00 2.706168622523819e-16
1.637491638181862e+00 -1.526556658859590e-16
2.143296761226653e+00 -6.897260540483785e-15
2.219211600591381e+00 -2.955968803064479e-15
2.143296761226725e+00 4.413136522884997e-15
2.143296761226723e+00 5.759281940243000e-15

1.999999999999991e+00 2.220446049250313e-15
1.999999999999991e+00 7.494005416219807e-15
2.316227766016864e+00 -5.495603971894525e-15
2.000000000000008e+00 -2.997602166487923e-15
1.683772233983164e+00 2.303712776097200e-15
1.999999999999982e+00 3.330669073875470e-16

1.856703238773312e+00 -1.376676550535194e-14
1.856703238773342e+00 9.464651284929460e-15
2.362508361818115e+00 5.551115123125783e-15
1.856703238773386e+00 -1.096345236817342e-14
1.780788399408511e+00 7.827072323607354e-15
2.362508361818126e+00 5.051514762044462e-15

1.999999999999989e+00 2.234323837058128e-15
2.000000000000019e+00 -2.400857290751901e-15
2.316227766016847e+00 -1.790234627208065e-15
1.999999999999996e+00 2.775557561562891e-16
1.999999999999976e+00 2.373101715136272e-15
1.683772233983171e+00 -4.440892098500626e-16

1.939356840787079e+00 -4.815592369311616e-15
1.939356840787045e+00 1.290634266126744e-15
2.342157763251839e+00 -1.110223024625157e-16
1.939356840787055e+00 7.396860901565105e-15
1.939356840787057e+00 2.359223927328458e-16
1.939356840787052e+00 -2.858824288409778e-15

1.837712795142681e+00 4.496403249731884e-15
1.837712795142702e+00 1.387778780781446e-16
2.364422876917094e+00 3.941291737419306e-15
1.837712795142642e+00 -2.861599845971341e-14
1.837712795142556e+00 1.648681191568357e-14
2.364422876917098e+00 1.137978600240785e-15

1.856703238773297e+00 2.067790383364354e-15
1.856703238773400e+00 6.633582572135310e-15
2.362508361818135e+00 -1.387778780781446e-15
1.856703238773314e+00 2.317590563905014e-15
2.362508361818136e+00 7.771561172376096e-16
1.780788399408507e+00 -1.208755318060639e-14

1.837712795142562e+00 1.235123114895487e-15
1.837712795142701e+00 -6.120104423246175e-15
2.364422876917114e+00 -3.330669073875470e-16
1.837712795142678e+00 1.082467449009528e-15
2.364422876917113e+00 -1.831867990631508e-15
1.837712795142608e+00 5.287437154777308e-15

1.683772233983161e+00 1.054711873393899e-15
1.683772233983170e+00 8.881784197001252e-16
2.316227766016851e+00 -1.304512053934559e-15
1.683772233983155e+00 -1.762479051592436e-15
2.316227766016833e+00 -6.383782391594650e-16
2.316227766016835e+00 1.082467449009528e-15

2.000000000000055e+00 -8.215650382226158e-15
1.999999999999998e+00 -3.719247132494274e-15
2.316227766016829e+00 2.081668171172169e-15
2.316227766016813e+00 6.356026815979021e-15
1.683772233983145e+00 2.692290834716005e-15
1.683772233983135e+00 4.107825191113079e-15

1.856703238773284e+00 1.150468609267818e-14
1.856703238773319e+00 8.756884106730922e-15
2.362508361818169e+00 -3.080868893334809e-15
2.362508361818168e+00 -5.190292640122607e-15
1.780788399408482e+00 -1.217081990745328e-14
1.856703238773384e+00 -2.914335439641036e-15

1.637491638181864e+00 1.665334536937735e-16
1.637491638181863e+00 -5.134781488891349e-16
2.143296761226670e+00 -1.318389841742373e-14
2.143296761226612e+00 -3.455569164145800e-15
2.219211600591524e+00 6.966649479522857e-15
2.143296761226668e+00 8.160139230994901e-15

1.856703238773268e+00 1.280919814661274e-14
1.856703238773346e+00 3.969047313034935e-15
2.362508361818123e+00 1.387778780781446e-15
2.362508361818148e+00 -1.679212324745549e-15
1.856703238773324e+00 -3.635980405647388e-15
1.780788399408586e+00 -1.279532035880493e-14

1.837712795142555e+00 2.359223927328458e-16
1.837712795142752e+00 -1.353084311261910e-14
2.364422876917117e+00 -1.026956297778270e-15
2.364422876917102e+00 5.412337245047638e-16
1.837712795142575e+00 1.049160758270773e-14
1.837712795142657e+00 3.205768983605140e-15

1.683772233983166e+00 1.304512053934559e-15
1.683772233983144e+00 4.218847493575595e-15
2.316227766016838e+00 -3.219646771412954e-15
2.316227766016847e+00 -2.803313137178520e-15
1.683772233983148e+00 2.997602166487923e-15
2.316227766016841e+00 1.137978600240785e-15

1.637491638181859e+00 -1.040834085586084e-15
1.637491638181853e+00 -8.257283745649602e-16
2.143296761226658e+00 -1.720845688168993e-15
2.143296761226692e+00 5.981326545168031e-15
2.143296761226652e+00 2.609024107869118e-15
2.219211600591485e+00 -6.619704784327496e-15

1.683772233983156e+00 2.775557561562891e-17
1.683772233983147e+00 -2.081668171172169e-15
2.316227766016853e+00 1.859623566247137e-15
2.316227766016824e+00 -3.858025010572419e-15
2.316227766016843e+00 -5.551115123125783e-17
1.683772233983162e+00 2.331468351712829e-15

1.635577123082896e+00 -4.440892098500626e-16
1.635577123082897e+00 2.636779683484747e-16
2.162287204857328e+00 -1.135203042679223e-14
2.162287204857436e+00 1.409983241273949e-14
2.162287204857428e+00 9.589551375199790e-15
2.162287204857254e+00 -1.178224184883447e-14

2.000000000000007e+00 -1.471045507628332e-14
2.316227766016816e+00 2.042810365310288e-14
1.683772233983151e+00 5.606626274357041e-15
1.683772233983162e+00 4.218847493575595e-15
2.000000000000034e+00 -9.436895709313831e-15
2.316227766016814e+00 9.992007221626409e-16

2.000000000000039e+00 -1.415534356397075e-15
2.316227766016818e+00 -1.387778780781446e-16
1.683772233983136e+00 1.498801083243961e-15
1.683772233983137e+00 1.110223024625157e-15
2.316227766016814e+00 -4.163336342344337e-16
2.000000000000036e+00 -1.276756478318930e-15

1.999999999999997e+00 3.808064974464287e-14
2.316227766016835e+00 -2.886579864025407e-14
1.683772233983175e+00 -2.986499936241671e-14
1.999999999999971e+00 4.818367926873179e-14
1.683772233983176e+00 -3.119726699196690e-14
2.316227766016849e+00 -2.942091015256665e-14

1.999999999999974e+00 1.521005543736464e-14
2.316227766016832e+00 -4.274358644806853e-15
1.683772233983164e+00 -1.110223024625157e-15
2.000000000000033e+00 -1.626476731075854e-14
1.999999999999995e+00 6.106226635438361e-16
2.000000000000004e+00 -2.220446049250313e-16

1.856703238773325e+00 2.536859611268483e-14
2.362508361818129e+00 -7.327471962526033e-15
1.780788399408550e+00 -1.998401444325282e-14
1.856703238773319e+00 -7.827072323607354e-15
1.856703238773342e+00 -7.771561172376096e-16
2.362508361818136e+00 3.330669073875470e-15

2.000000000000017e+00 -8.743006318923108e-16
2.316227766016846e+00 -7.632783294297951e-17
1.683772233983158e+00 -5.551115123125783e-17
1.999999999999978e+00 1.165734175856414e-15
2.316227766016850e+00 -8.257283745649602e-16
1.683772233983161e+00 5.134781488891349e-16

1.856703238773338e+00 -1.089406342913435e-15
2.362508361818155e+00 -5.551115123125783e-16
1.780788399408574e+00 -3.608224830031759e-15
1.856703238773280e+00 1.817990202823694e-15
2.362508361818146e+00 -2.081668171172169e-16
1.856703238773318e+00 2.817190924986335e-15

1.637491638181846e+00 1.582067810090848e-15
2.143296761226764e+00 -1.554312234475219e-15
2.219211600591395e+00 9.797718192317006e-15
1.637491638181846e+00 2.484124017598788e-15
2.143296761226704e+00 -2.733924198139448e-15
2.143296761226649e+00 -8.021361352916756e-15

1.999999999999982e+00 6.938893903907228e-15
2.316227766016839e+00 5.329070518200751e-15
1.683772233983177e+00 -1.049160758270773e-14
2.316227766016847e+00 -2.109423746787797e-15
1.683772233983176e+00 -6.106226635438361e-15
1.999999999999984e+00 -7.771561172376096e-16

1.999999999999962e+00 3.302913498259841e-15
2.316227766016862e+00 -4.246603069191224e-15
1.683772233983207e+00 -7.549516567451064e-15
2.316227766016896e+00 -6.578071420904053e-15
1.999999999999941e+00 1.235123114895487e-14
1.683772233983190e+00 -3.858025010572419e-15

1.856703238773272e+00 7.882583474838611e-15
2.362508361818145e+00 -5.551115123125783e-17
1.780788399408607e+00 -3.191891195797325e-14
2.362508361818140e+00 -2.997602166487923e-15
1.856703238773318e+00 2.070565940925917e-14
1.856703238773334e+00 1.054711873393899e-15

1.637491638181865e+00 -2.775557561562891e-16
2.143296761226616e+00 2.176037128265307e-14
2.219211600591488e+00 2.225997164373439e-14
2.143296761226700e+00 -3.458344721707363e-14
1.637491638181864e+00 2.275957200481571e-15
2.143296761226682e+00 -1.137978600240785e-14

1.637491638181864e+00 1.561251128379126e-17
2.143296761226702e+00 2.151057110211241e-16
2.219211600591445e+00 4.787836793695988e-16
2.143296761226672e+00 -6.999609225566417e-16
2.143296761226661e+00 2.949029909160572e-17
1.637491638181857e+00 2.125036258071589e-17

2.000000000000062e+00 -2.775557561562891e-14
2.316227766016793e+00 2.542410726391608e-14
2.000000000000059e+00 -2.564615186884112e-14
1.683772233983121e+00 1.854072451124011e-14
1.683772233983117e+00 1.743050148661496e-14
2.316227766016801e+00 1.409983241273949e-14

2.000000000000032e+00 3.108624468950438e-15
2.316227766016836e+00 -4.773959005888173e-15
2.000000000000039e+00 -1.065814103640150e-14
1.683772233983154e+00 2.803313137178520e-15
1.999999999999987e+00 -2.720046410331634e-15
1.999999999999957e+00 1.221245327087672e-14

1.856703238773279e+00 1.876276911616515e-14
2.362508361818150e+00 1.554312234475219e-15
1.856703238773279e+00 -2.164934898019055e-15
1.780788399408596e+00 -8.498757253505573e-14
1.856703238773365e+00 6.789013795582832e-14
2.362508361818140e+00 -4.440892098500626e-15

1.999999999999982e+00 1.769417945496343e-15
2.316227766016857e+00 -9.436895709313831e-16
1.999999999999996e+00 3.330669073875470e-16
1.683772233983163e+00 -5.551115123125783e-16
2.316227766016838e+00 -1.873501354054952e-16
1.683772233983148e+00 -4.440892098500626e-16

1.856703238773341e+00 3.469446951953614e-17
2.362508361818151e+00 -1.387778780781446e-17
1.856703238773260e+00 1.797173521111972e-15
1.780788399408514e+00 7.008282842946301e-16
2.362508361818139e+00 4.926614671774132e-16
1.856703238773391e+00 -2.858824288409778e-15

1.637491638181861e+00 -2.192690473634684e-15
2.143296761226720e+00 3.497202527569243e-15
1.637491638181857e+00 -6.938893903907228e-16
2.219211600591414e+00 3.691491556878645e-15
2.143296761226699e+00 4.718447854656915e-16
2.143296761226654e+00 -7.216449660063518e-15

2.000000000000000e+00 -2.386979502944087e-15
2.316227766016826e+00 -9.992007221626409e-16
2.000000000000019e+00 -4.607425552194400e-15
2.000000000000000e+00 4.440892098500626e-15
1.683772233983152e+00 -2.220446049250313e-16
2.000000000000005e+00 2.331468351712829e-15

1.856703238773331e+00 5.034861416675085e-14
2.362508361818165e+00 -6.217248937900877e-15
1.856703238773279e+00 -1.337818744673314e-14
1.856703238773249e+00 1.793010184769628e-14
1.780788399408636e+00 -5.107025913275720e-14
2.362508361818162e+00 -8.881784197001252e-16

2.000000000000004e+00 -1.831867990631508e-15
2.316227766016836e+00 -1.082467449009528e-14
1.999999999999994e+00 -2.886579864025407e-15
2.000000000000013e+00 2.192690473634684e-15
1.999999999999989e+00 9.686695889854491e-15
1.683772233983151e+00 2.386979502944087e-15

1.939356840787084e+00 -8.382183835919932e-15
2.342157763251827e+00 8.326672684688674e-16
1.939356840787057e+00 -3.330669073875470e-15
1.939356840787053e+00 8.493206138382448e-15
1.939356840787085e+00 -1.065814103640150e-14
1.939356840787035e+00 1.004751837285767e-14

1.837712795142678e+00 -6.428191312579656e-14
2.364422876917095e+00 3.441691376337985e-15
1.837712795142593e+00 1.162958618294851e-13
1.837712795142642e+00 -1.033062524413708e-13
1.837712795142656e+00 4.557465516086268e-14
2.364422876917103e+00 -2.220446049250313e-16

1.856703238773354e+00 6.106226635438361e-16
2.362508361818135e+00 2.428612866367530e-17
1.856703238773335e+00 -2.005340338229189e-15
1.856703238773316e+00 3.157196726277789e-16
2.362508361818135e+00 1.387778780781446e-16
1.780788399408526e+00 1.047772979489991e-15

1.837712795142619e+00 -2.282896094385478e-15
2.364422876917115e+00 -2.012279232133096e-16
1.837712795142802e+00 -3.910066714851723e-15
1.837712795142581e+00 2.244732177913988e-15
2.364422876917104e+00 9.020562075079397e-17
1.837712795142538e+00 3.809452753245068e-15

1.683772233983172e+00 -1.443289932012704e-15
2.316227766016834e+00 -1.387778780781446e-15
1.683772233983170e+00 1.387778780781446e-15
1.683772233983179e+00 -7.771561172376096e-16
2.316227766016823e+00 1.110223024625157e-16
2.316227766016826e+00 2.414735078559715e-15

1.999999999999951e+00 1.332267629550188e-14
2.316227766016858e+00 1.387778780781446e-15
1.999999999999968e+00 -3.441691376337985e-15
2.316227766016879e+00 -3.219646771412954e-15
1.683772233983191e+00 -5.939693181744587e-15
1.683772233983197e+00 -1.143529715363911e-14

1.856703238773247e+00 2.076117056049043e-14
2.362508361818163e+00 -4.829470157119431e-15
1.856703238773273e+00 2.758904216193514e-14
2.362508361818161e+00 -2.275957200481571e-15
1.780788399408755e+00 -7.044365091246618e-14
1.856703238773227e+00 2.259303855112194e-14

1.637491638181866e+00 9.089951014118469e-16
2.143296761226662e+00 -3.094746681142624e-15
1.637491638181860e+00 7.355227538141662e-16
2.143296761226694e+00 -3.885780586188048e-16
2.219211600591520e+00 4.912736883966318e-15
2.143296761226602e+00 -1.929012505286209e-15

1.856703238773384e+00 7.771561172376096e-15
2.362508361818149e+00 -9.603429163007604e-15
1.856703238773342e+00 0.000000000000000e+00
2.362508361818123e+00 9.436895709313831e-16
1.856703238773283e+00 6.800116025829084e-15
1.780788399408503e+00 -6.133982211053990e-15

1.837712795142467e+00 5.828670879282072e-15
2.364422876917110e+00 4.052314039881821e-15
1.837712795142779e+00 -1.498801083243961e-14
2.364422876917102e+00 -1.665334536937735e-16
1.837712795142737e+00 -4.096722960866828e-14
1.837712795142578e+00 4.402034292638746e-14

1.683772233983146e+00 9.103828801926284e-15
2.316227766016852e+00 -9.325873406851315e-15
1.683772233983155e+00 -1.110223024625157e-15
2.316227766016850e+00 -6.106226635438361e-15
1.683772233983155e+00 5.495603971894525e-15
2.316227766016842e+00 1.265654248072678e-14

1.637491638181843e+00 8.326672684688674e-16
2.143296761226620e+00 7.854827899222983e-15
1.637491638181854e+00 -7.771561172376096e-16
2.143296761226792e+00 -8.604228440844963e-16
2.143296761226701e+00 -7.521760991835436e-15
2.219211600591370e+00 1.665334536937735e-15

1.683772233983168e+00 -7.112366251504909e-17
2.316227766016826e+00 2.081668171172169e-17
1.683772233983165e+00 -1.092875789865388e-16
2.316227766016823e+00 -6.591949208711867e-17
2.316227766016849e+00 1.700029006457271e-16
1.683772233983169e+00 1.908195823574488e-17

1.635577123082897e+00 1.207367539279858e-15
2.162287204857489e+00 -2.947642130379791e-14
1.635577123082894e+00 9.575673587391975e-16
2.162287204857400e+00 -1.071365218763276e-14
2.162287204857244e+00 2.003952559448408e-14
2.162287204857315e+00 1.912359159916832e-14

2.000000000000080e+00 -5.273559366969494e-15
2.316227766016788e+00 -4.718447854656915e-15
2.316227766016772e+00 1.054711873393899e-14
1.683772233983107e+00 2.331468351712829e-15
1.683772233983124e+00 1.998401444325282e-15
2.000000000000075e+00 -8.160139230994901e-15

1.999999999999973e+00 -1.471045507628332e-15
2.316227766016855e+00 1.720845688168993e-15
2.316227766016871e+00 -4.912736883966318e-15
1.683772233983157e+00 2.997602166487923e-15
1.999999999999990e+00 9.714451465470120e-16
1.683772233983170e+00 1.249000902703301e-15

1.856703238773328e+00 -9.436895709313831e-16
2.362508361818133e+00 1.831867990631508e-15
2.362508361818151e+00 -4.607425552194400e-15
1.780788399408462e+00 -1.404432126150823e-14
1.856703238773389e+00 -9.880984919163893e-15
1.856703238773325e+00 2.642330798607873e-14

1.637491638181857e+00 2.220446049250313e-15
2.143296761226775e+00 -8.826273045769994e-15
2.143296761226706e+00 -1.620925615952729e-14
2.219211600591428e+00 6.883382752675971e-15
1.637491638181864e+00 -2.886579864025407e-15
2.143296761226579e+00 2.026157019940911e-14

1.637491638181862e+00 1.092875789865388e-16
2.143296761226698e+00 -5.819997261902188e-16
2.143296761226653e+00 1.205632815803881e-16
2.219211600591512e+00 2.454633718507182e-16
2.143296761226617e+00 3.096481404618601e-16
1.637491638181862e+00 6.938893903907228e-18

1.999999999999971e+00 -1.260103132949553e-14
2.316227766016848e+00 1.132427485117660e-14
2.316227766016834e+00 1.543210004228968e-14
2.000000000000029e+00 -2.592370762499741e-14
1.683772233983164e+00 1.193489751472043e-14
1.683772233983160e+00 1.543210004228968e-14

1.856703238773366e+00 -1.626476731075854e-14
2.362508361818153e+00 5.939693181744587e-15
2.362508361818153e+00 2.164934898019055e-15
1.856703238773280e+00 -2.031708135064036e-14
1.780788399408658e+00 -2.220446049250313e-16
1.856703238773217e+00 2.536859611268483e-14

1.637491638181864e+00 -4.371503159461554e-16
2.143296761226704e+00 -1.318389841742373e-15
2.143296761226595e+00 6.022959908591474e-15
1.637491638181856e+00 -4.302114220422482e-16
2.219211600591471e+00 -2.331468351712829e-15
2.143296761226709e+00 -2.602085213965211e-15

1.856703238773300e+00 -6.356026815979021e-15
2.362508361818133e+00 1.110223024625157e-15
2.362508361818137e+00 6.772360450213455e-15
1.856703238773376e+00 -1.482147737874584e-14
1.856703238773322e+00 3.025357742103552e-15
1.780788399408535e+00 1.021405182655144e-14

1.837712795142649e+00 2.958744360626042e-14
2.364422876917124e+00 -3.219646771412954e-15
2.364422876917120e+00 -1.276756478318930e-15
1.837712795142651e+00 -1.487698852997710e-14
1.837712795142649e+00 -2.220446049250313e-14
1.837712795142581e+00 1.268429805634241e-14

1.683772233983162e+00 9.436895709313831e-16
2.316227766016838e+00 0.000000000000000e+00
2.316227766016829e+00 -5.551115123125783e-16
1.683772233983161e+00 6.106226635438361e-16
1.683772233983172e+00 -2.386979502944087e-15
2.316227766016849e+00 -1.776356839400250e-15

1.637491638181871e+00 -1.137978600240785e-15
2.143296761226651e+00 -1.318389841742373e-15
2.143296761226534e+00 2.119138198253268e-14
1.637491638181864e+00 -1.373900992973631e-15
2.143296761226730e+00 -7.702172233337023e-15
2.219211600591573e+00 -1.104671909502031e-14

1.683772233983159e+00 1.214306433183765e-16
2.316227766016830e+00 -1.249000902703301e-16
2.316227766016830e+00 1.526556658859590e-16
1.683772233983159e+00 2.532696274926138e-16
2.316227766016858e+00 -2.081668171172169e-17
1.683772233983174e+00 0.000000000000000e+00

1.635577123082892e+00 1.401656568589260e-15
2.162287204857458e+00 -6.286637876939949e-15
2.162287204857206e+00 2.324529457808922e-14
1.635577123082887e+00 1.249000902703301e-15
2.162287204857511e+00 -1.587618925213974e-14
2.162287204857302e+00 -4.482525461924070e-15

1.637491638181850e+00 -3.157196726277789e-16
2.143296761226765e+00 3.268219028740305e-15
2.143296761226632e+00 -1.408595462493167e-15
2.143296761226726e+00 2.269018306577664e-15
2.219211600591359e+00 -4.350686477749832e-15
1.637491638181847e+00 -4.128641872824801e-16

1.637491638181864e+00 -3.441691376337985e-15
2.143296761226696e+00 -1.265654248072678e-14
2.143296761226573e+00 2.481348460037225e-14
2.143296761226613e+00 2.786659791809143e-14
1.637491638181861e+00 -2.053912595556540e-15
2.219211600591603e+00 -3.996802888650564e-14

1.683772233983153e+00 2.886579864025407e-15
2.316227766016829e+00 1.165734175856414e-15
2.316227766016830e+00 1.276756478318930e-15
2.316227766016851e+00 -5.107025913275720e-15
1.683772233983167e+00 0.000000000000000e+00
1.683772233983170e+00 -7.494005416219807e-16

1.635577123082891e+00 4.440892098500626e-16
2.162287204857339e+00 5.201394870368858e-14
2.162287204857450e+00 -4.840572387365683e-14
2.162287204857417e+00 -1.798561299892754e-14
1.635577123082888e+00 7.771561172376096e-16
2.162287204857253e+00 1.654232306691483e-14

1.635577123082885e+00 -8.673617379884035e-19
2.162287204857498e+00 -5.694229809893869e-16
2.162287204857415e+00 -5.464378949326942e-17
2.162287204857245e+00 1.040834085586084e-16
2.162287204857309e+00 4.963477545638639e-16
1.635577123082898e+00 -2.428612866367530e-17

2.316227766016871e+00 -1.093569679255779e-14
1.683772233983196e+00 -1.271205363195804e-14
1.683772233983212e+00 -1.609823385706477e-14
1.999999999999944e+00 1.768030166715562e-14
1.999999999999956e+00 1.709743457922741e-14
2.316227766016874e+00 -1.382227665658320e-14

2.316227766016845e+00 -3.885780586188048e-16
1.683772233983164e+00 -9.471590178833367e-16
1.683772233983152e+00 -1.058181320345852e-15
2.000000000000019e+00 1.842276331487369e-15
2.316227766016809e+00 -1.963706974805746e-15
1.999999999999992e+00 9.957312752106873e-16

2.316227766016785e+00 3.191891195797325e-15
1.683772233983132e+00 1.804112415015879e-16
1.683772233983139e+00 -1.859623566247137e-15
2.316227766016806e+00 5.551115123125783e-17
2.000000000000060e+00 -4.857225732735060e-16
2.000000000000040e+00 -1.915134717478395e-15

2.316227766016852e+00 -2.720046410331634e-15
1.683772233983193e+00 -1.748601263784622e-15
1.999999999999954e+00 4.080069615497450e-15
1.683772233983189e+00 -2.720046410331634e-15
1.999999999999959e+00 6.522560269672795e-15
2.316227766016862e+00 -5.662137425588298e-15

2.316227766016789e+00 -3.427813588530171e-15
1.683772233983124e+00 -2.647188024340608e-15
2.000000000000061e+00 4.406197628981090e-15
1.683772233983115e+00 -2.886579864025407e-15
2.316227766016797e+00 -2.289834988289385e-15
2.000000000000062e+00 3.268219028740305e-15

2.316227766016838e+00 1.049160758270773e-14
1.683772233983150e+00 1.365574320288943e-14
2.000000000000008e+00 -2.159383782895929e-14
2.000000000000006e+00 -5.995204332975845e-15
1.683772233983137e+00 1.004751837285767e-14
2.316227766016839e+00 1.265654248072678e-14

2.316227766016792e+00 -2.775557561562891e-17
1.683772233983152e+00 -1.457167719820518e-15
1.999999999999991e+00 1.443289932012704e-15
2.000000000000006e+00 -3.178013407989511e-15
2.000000000000016e+00 2.678413046908190e-15
2.000000000000031e+00 -6.800116025829084e-16

2.362508361818144e+00 7.771561172376096e-16
1.780788399408422e+00 2.442490654175344e-15
1.856703238773401e+00 0.000000000000000e+00
1.856703238773346e+00 6.827871601444713e-15
1.856703238773342e+00 -1.143529715363911e-14
2.362508361818146e+00 -1.110223024625157e-16

2.316227766016874e+00 2.289834988289385e-15
1.683772233983194e+00 6.383782391594650e-16
1.999999999999945e+00 -2.914335439641036e-16
1.999999999999968e+00 -6.383782391594650e-16
2.316227766016877e+00 -6.106226635438361e-16
1.683772233983188e+00 5.551115123125783e-16

2.362508361818156e+00 6.661338147750939e-16
1.780788399408423e+00 -2.838007606698056e-15
1.856703238773381e+00 1.477984401532240e-15
1.856703238773308e+00 -1.623701173514291e-15
2.362508361818147e+00 4.302114220422482e-16
1.856703238773394e+00 2.144118216307334e-15

2.143296761226588e+00 2.997602166487923e-14
2.219211600591655e+00 -3.647082635893639e-14
1.637491638181887e+00 -6.661338147750939e-15
1.637491638181863e+00 2.775557561562891e-16
2.143296761226644e+00 1.826316875508383e-14
2.143296761226566e+00 -5.828670879282072e-15

2.316227766016811e+00 -4.385380947269368e-15
1.683772233983171e+00 -8.243405957841787e-15
2.000000000000047e+00 2.858824288409778e-15
2.316227766016806e+00 5.551115123125783e-16
1.683772233983158e+00 -4.662936703425657e-15
1.999999999999993e+00 7.688294445529209e-15

2.316227766016891e+00 2.026157019940911e-15
1.683772233983203e+00 1.068589661201713e-15
1.999999999999930e+00 -2.123301534595612e-15
2.316227766016877e+00 1.582067810090848e-15
1.999999999999954e+00 -3.066991105526995e-15
1.683772233983188e+00 2.130240428499519e-15

2.362508361818131e+00 3.191891195797325e-15
1.780788399408652e+00 -1.970645868709653e-15
1.856703238773305e+00 -9.436895709313831e-15
2.362508361818124e+00 2.747801985947262e-15
1.856703238773293e+00 4.857225732735060e-15
1.856703238773304e+00 1.665334536937735e-16

2.143296761226658e+00 1.298960938811433e-14
2.219211600591501e+00 2.198241588757810e-14
1.637491638181864e+00 -1.665334536937735e-16
2.143296761226654e+00 -1.310063169057685e-14
1.637491638181869e+00 4.718447854656915e-15
2.143296761226659e+00 -2.564615186884112e-14

2.143296761226733e+00 4.107825191113079e-15
2.219211600591369e+00 -1.748601263784622e-15
1.637491638181850e+00 5.689893001203927e-16
2.143296761226761e+00 -9.381384558082573e-15
2.143296761226643e+00 3.913536161803677e-15
1.637491638181853e+00 -1.387778780781446e-17

2.316227766016797e+00 -2.498001805406602e-16
1.683772233983118e+00 1.498801083243961e-15
2.316227766016793e+00 1.054711873393899e-15
1.683772233983107e+00 2.553512956637860e-15
2.000000000000080e+00 -1.706967900361178e-15
2.000000000000045e+00 -2.775557561562891e-17

2.316227766016833e+00 1.265654248072678e-14
1.683772233983165e+00 3.969047313034935e-15
2.316227766016834e+00 2.220446049250313e-15
1.999999999999995e+00 -4.468647674116255e-15
1.683772233983157e+00 2.664535259100376e-15
2.000000000000003e+00 -8.631984016460592e-15

2.316227766016845e+00 -9.020562075079397e-17
1.683772233983188e+00 -1.387778780781446e-16
2.316227766016870e+00 -1.353084311261910e-15
1.999999999999944e+00 1.769417945496343e-15
1.999999999999988e+00 2.775557561562891e-16
1.683772233983179e+00 3.608224830031759e-16

2.362508361818142e+00 2.137179322403426e-15
1.780788399408586e+00 -1.998401444325282e-15
2.362508361818140e+00 9.714451465470120e-16
1.856703238773348e+00 -1.265654248072678e-14
1.856703238773261e+00 1.096345236817342e-14
1.856703238773336e+00 -6.383782391594650e-16

2.143296761226677e+00 -1.421085471520200e-14
2.219211600591534e+00 -9.658940314238862e-15
2.143296761226657e+00 1.226796442210798e-14
1.637491638181877e+00 8.881784197001252e-16
1.637491638181872e+00 -1.665334536937735e-16
2.143296761226613e+00 9.214851104388799e-15

2.143296761226588e+00 1.734723475976807e-15
2.219211600591474e+00 -3.094746681142624e-15
2.143296761226749e+00 -8.382183835919932e-15
1.637491638181852e+00 -4.579669976578771e-16
2.143296761226670e+00 1.028344076559051e-14
1.637491638181863e+00 -1.249000902703301e-15

2.143296761226663e+00 2.486899575160351e-14
2.219211600591519e+00 -1.959543638463401e-14
2.143296761226662e+00 -2.847722058163527e-14
2.143296761226648e+00 2.065014825802791e-14
1.637491638181867e+00 -2.553512956637860e-15
1.637491638181869e+00 -2.969846590872294e-15

2.316227766016765e+00 1.532107773982716e-14
2.000000000000113e+00 -2.969846590872294e-14
1.683772233983076e+00 2.275957200481571e-14
1.683772233983086e+00 1.632027846198980e-14
2.000000000000109e+00 -2.098321516541546e-14
2.316227766016780e+00 1.537658889105842e-14

2.316227766016834e+00 2.053912595556540e-15
1.999999999999977e+00 -9.298117831235686e-16
1.683772233983172e+00 1.394717674685353e-15
1.683772233983175e+00 2.706168622523819e-16
2.316227766016836e+00 2.345346139520643e-15
2.000000000000015e+00 -3.635980405647388e-15

2.316227766016816e+00 -3.441691376337985e-15
2.000000000000028e+00 4.551914400963142e-15
1.683772233983160e+00 -9.547918011776346e-15
2.000000000000018e+00 6.217248937900877e-15
1.683772233983148e+00 -2.109423746787797e-15
2.316227766016830e+00 -1.099120794378905e-14

2.316227766016826e+00 -1.165734175856414e-15
2.000000000000030e+00 -7.882583474838611e-15
1.683772233983155e+00 -9.436895709313831e-16
2.000000000000001e+00 -1.137978600240785e-15
2.000000000000014e+00 2.942091015256665e-15
1.999999999999981e+00 3.302913498259841e-15

2.362508361818132e+00 7.216449660063518e-16
1.856703238773330e+00 -5.384581669432009e-15
1.780788399408491e+00 -1.076916333886402e-14
1.856703238773313e+00 3.219646771412954e-15
1.856703238773381e+00 6.272760089132134e-15
2.362508361818137e+00 4.440892098500626e-15

2.316227766016807e+00 -3.469446951953614e-18
2.000000000000029e+00 -1.231653667943533e-16
1.683772233983135e+00 0.000000000000000e+00
2.000000000000029e+00 3.295974604355933e-16
2.316227766016824e+00 1.144917494144693e-16
1.683772233983153e+00 -2.185751579730777e-16

2.362508361818142e+00 -5.898059818321144e-17
1.856703238773325e+00 -8.465450562766819e-16
1.780788399408465e+00 8.257283745649602e-16
1.856703238773424e+00 -6.591949208711867e-17
2.362508361818133e+00 -7.979727989493313e-17
1.856703238773314e+00 3.677613769070831e-16

2.143296761226697e+00 2.463307335887066e-16
1.637491638181860e+00 2.081668171172169e-17
2.219211600591488e+00 -3.046174423815273e-15
1.637491638181865e+00 -1.457167719820518e-16
2.143296761226724e+00 1.113692471577110e-15
2.143296761226573e+00 1.710437347313132e-15

2.316227766016849e+00 -2.708944180085382e-14
2.000000000000002e+00 1.998401444325282e-14
1.683772233983139e+00 -1.387778780781446e-14
2.316227766016841e+00 -9.547918011776346e-15
1.683772233983146e+00 -1.093569679255779e-14
2.000000000000010e+00 2.586819647376615e-14

2.316227766016844e+00 -3.053113317719180e-15
2.000000000000032e+00 -3.941291737419306e-15
1.683772233983170e+00 3.330669073875470e-16
2.316227766016814e+00 2.692290834716005e-15
1.999999999999979e+00 5.245803791353865e-15
1.683772233983156e+00 -6.661338147750939e-16

2.362508361818139e+00 1.665334536937735e-15
1.856703238773336e+00 -1.648681191568357e-14
1.780788399408520e+00 3.202993426043577e-14
2.362508361818153e+00 2.359223927328458e-15
1.856703238773352e+00 -1.937339177970898e-14
1.856703238773298e+00 2.664535259100376e-15

2.143296761226668e+00 -5.551115123125783e-17
1.637491638181853e+00 -1.415534356397075e-15
2.219211600591471e+00 -8.881784197001252e-15
2.143296761226646e+00 1.226796442210798e-14
1.637491638181842e+00 2.109423746787797e-15
2.143296761226703e+00 -2.942091015256665e-15

2.143296761226499e+00 -1.956768080901838e-15
1.637491638181857e+00 -7.147060721024445e-16
2.219211600591523e+00 -2.449429548079252e-15
2.143296761226740e+00 2.192690473634684e-15
2.143296761226710e+00 1.935951399190117e-15
1.637491638181853e+00 -5.585809592645319e-16

2.316227766016844e+00 1.532107773982716e-14
2.000000000000000e+00 -2.986499936241671e-14
1.999999999999978e+00 -1.498801083243961e-14
1.683772233983151e+00 2.203792703880936e-14
1.683772233983167e+00 1.437738816889578e-14
2.316227766016839e+00 2.031708135064036e-14

2.316227766016820e+00 3.719247132494274e-15
2.000000000000044e+00 -1.523781101298027e-14
1.999999999999993e+00 7.771561172376096e-16
1.683772233983166e+00 -2.386979502944087e-15
1.999999999999980e+00 1.276756478318930e-14
2.000000000000001e+00 -4.440892098500626e-16

2.362508361818134e+00 -3.996802888650564e-15
1.856703238773308e+00 9.880984919163893e-15
1.856703238773283e+00 1.798561299892754e-14
1.780788399408526e+00 -1.493249968120836e-14
1.856703238773399e+00 -9.658940314238862e-15
2.362508361818148e+00 -2.609024107869118e-15

2.316227766016887e+00 -6.088879400678593e-16
1.999999999999968e+00 5.637851296924623e-16
1.999999999999935e+00 1.007874339542525e-15
1.683772233983202e+00 -6.366435156834882e-16
2.316227766016872e+00 -4.649058915617843e-16
1.683772233983194e+00 -6.531233887052679e-16

2.362508361818147e+00 9.714451465470120e-17
1.856703238773401e+00 1.054711873393899e-15
1.856703238773330e+00 1.457167719820518e-16
1.780788399408467e+00 -2.116362640691705e-16
2.362508361818150e+00 1.942890293094024e-16
1.856703238773301e+00 -1.096345236817342e-15

2.143296761226751e+00 -1.394717674685353e-15
1.637491638181833e+00 7.979727989493313e-16
1.637491638181849e+00 -6.245004513516506e-17
2.219211600591386e+00 1.124100812432971e-15
2.143296761226696e+00 -1.096345236817342e-15
2.143296761226688e+00 4.649058915617843e-16

2.316227766016836e+00 4.884981308350689e-15
2.000000000000010e+00 -9.769962616701378e-15
2.000000000000005e+00 -3.275157922644212e-15
1.999999999999998e+00 -1.054711873393899e-15
1.683772233983169e+00 1.054711873393899e-15
1.999999999999991e+00 7.771561172376096e-15

2.362508361818147e+00 -5.662137425588298e-15
1.856703238773199e+00 3.591571484662381e-14
1.856703238773354e+00 -3.552713678800501e-15
1.856703238773395e+00 -1.793010184769628e-14
1.780788399408556e+00 -1.415534356397075e-14
2.362508361818155e+00 3.330669073875470e-16

2.316227766016823e+00 3.330669073875470e-15
1.999999999999983e+00 2.192690473634684e-15
2.000000000000040e+00 -4.635181127810029e-15
1.999999999999991e+00 -3.358424649491099e-15
1.999999999999996e+00 2.359223927328458e-15
1.683772233983160e+00 4.024558464266192e-16

2.342157763251835e+00 3.386180225106727e-15
1.939356840787054e+00 7.216449660063518e-16
1.939356840787025e+00 4.163336342344337e-16
1.939356840787074e+00 -5.551115123125783e-15
1.939356840787036e+00 9.992007221626409e-15
1.939356840787093e+00 -7.133182933216631e-15

2.364422876917112e+00 -4.440892098500626e-16
1.837712795142511e+00 1.287858708565182e-14
1.837712795142640e+00 2.953193245502916e-14
1.837712795142771e+00 -3.397282455352979e-14
1.837712795142600e+00 -2.164934898019055e-15
2.364422876917117e+00 -3.108624468950438e-15

2.362508361818140e+00 3.469446951953614e-17
1.856703238773263e+00 1.398187121637307e-15
1.856703238773360e+00 8.847089727481716e-16
1.856703238773312e+00 -1.731254029024853e-15
2.362508361818148e+00 4.232725281383409e-16
1.780788399408572e+00 -1.425942697252935e-15

2.364422876917081e+00 -4.649058915617843e-16
1.837712795142766e+00 -1.807581861967833e-15
1.837712795142841e+00 5.682954107300020e-15
1.837712795142399e+00 -4.350686477749832e-15
2.364422876917105e+00 1.526556658859590e-16
1.837712795142573e+00 8.743006318923108e-16

2.316227766016852e+00 -6.383782391594650e-16
1.683772233983163e+00 3.642919299551295e-17
1.683772233983171e+00 -1.474514954580286e-16
1.683772233983164e+00 3.816391647148976e-17
2.316227766016834e+00 2.012279232133096e-16
2.316227766016838e+00 -3.469446951953614e-18

2.316227766016836e+00 6.605826996519681e-15
1.999999999999998e+00 -1.193489751472043e-14
1.999999999999979e+00 -6.689093723366568e-15
2.316227766016874e+00 7.105427357601002e-15
1.683772233983164e+00 3.386180225106727e-15
1.683772233983163e+00 8.104628079763643e-15

2.362508361818159e+00 -2.386979502944087e-15
1.856703238773325e+00 1.204591981718295e-14
1.856703238773327e+00 -1.204591981718295e-14
2.362508361818158e+00 -2.997602166487923e-15
1.780788399408601e+00 -1.784683512084939e-14
1.856703238773253e+00 1.942890293094024e-14

2.143296761226680e+00 1.652324110867909e-16
1.637491638181841e+00 -7.025630077706069e-17
1.637491638181851e+00 -8.239936510889834e-18
2.143296761226692e+00 2.003605614753212e-16
2.219211600591368e+00 -2.610758831345095e-16
2.143296761226746e+00 -8.153200337090993e-17

2.362508361818174e+00 -1.110223024625157e-15
1.856703238773260e+00 2.803313137178520e-15
1.856703238773274e+00 1.415534356397075e-15
2.362508361818152e+00 -2.581268532253489e-15
1.856703238773308e+00 0.000000000000000e+00
1.780788399408662e+00 -3.524958103184872e-15

2.364422876917112e+00 -2.609024107869118e-15
1.837712795142623e+00 -7.216449660063518e-15
1.837712795142725e+00 -2.189914916073121e-14
2.364422876917109e+00 1.970645868709653e-15
1.837712795142566e+00 1.940114735532461e-14
1.837712795142614e+00 1.279532035880493e-14

2.316227766016829e+00 1.482147737874584e-14
1.683772233983161e+00 4.496403249731884e-15
1.683772233983168e+00 -3.996802888650564e-15
2.316227766016849e+00 -8.215650382226158e-15
1.683772233983162e+00 -1.609823385706477e-15
2.316227766016826e+00 -1.387778780781446e-15

2.143296761226667e+00 2.588207426157396e-15
1.637491638181857e+00 1.269817584415023e-15
1.637491638181862e+00 -4.440892098500626e-16
2.143296761226652e+00 7.355227538141662e-16
2.143296761226738e+00 -6.022959908591474e-15
2.219211600591396e+00 3.129441150662160e-15

2.316227766016823e+00 -1.762479051592436e-15
1.683772233983162e+00 2.428612866367530e-16
1.683772233983164e+00 1.387778780781446e-17
2.316227766016843e+00 -5.551115123125783e-17
2.316227766016850e+00 1.998401444325282e-15
1.683772233983145e+00 -8.951173136040325e-16

2.162287204857297e+00 7.153999614928352e-15
1.635577123082901e+00 -1.214306433183765e-16
1.635577123082891e+00 4.440892098500626e-16
2.162287204857296e+00 1.318389841742373e-16
2.162287204857361e+00 -1.561251128379126e-15
2.162287204857497e+00 -5.842548667089886e-15

2.316227766016850e+00 -1.398881011027697e-14
2.000000000000008e+00 1.665334536937735e-14
2.316227766016858e+00 -1.387778780781446e-14
1.683772233983158e+00 -6.383782391594650e-15
1.683772233983172e+00 -1.004751837285767e-14
1.999999999999964e+00 1.598721155460225e-14

2.316227766016873e+00 5.745404152435185e-15
1.999999999999926e+00 -1.998401444325282e-15
2.316227766016864e+00 6.133982211053990e-15
1.683772233983207e+00 3.178013407989511e-15
1.999999999999970e+00 -9.187095528773170e-15
1.683772233983204e+00 1.484923295436147e-15

2.362508361818132e+00 1.915134717478395e-15
1.856703238773343e+00 -4.718447854656915e-15
2.362508361818128e+00 2.442490654175344e-15
1.780788399408465e+00 5.967448757360216e-15
1.856703238773264e+00 1.662558979376172e-14
1.856703238773456e+00 -2.001177001886845e-14

2.143296761226634e+00 1.476596622751458e-14
1.637491638181882e+00 -7.216449660063518e-15
2.143296761226621e+00 -8.104628079763643e-15
2.219211600591606e+00 -3.297362383136715e-14
1.637491638181871e+00 -1.471045507628332e-15
2.143296761226619e+00 2.875477633779155e-14

2.143296761226705e+00 5.898059818321144e-16
1.637491638181869e+00 4.544975507059235e-16
2.143296761226689e+00 3.705369344686460e-15
2.219211600591480e+00 -3.268219028740305e-15
2.143296761226607e+00 -1.457167719820518e-15
1.637491638181871e+00 -1.838806884535416e-16

2.316227766016812e+00 -6.383782391594650e-15
2.000000000000058e+00 3.719247132494274e-15
2.316227766016773e+00 -3.441691376337985e-15
2.000000000000046e+00 1.007527394847330e-14
1.683772233983123e+00 -2.053912595556540e-15
1.683772233983134e+00 -4.579669976578771e-15

2.362508361818151e+00 2.164934898019055e-15
1.856703238773324e+00 -5.467848396278896e-15
2.362508361818152e+00 1.915134717478395e-15
1.856703238773343e+00 -4.274358644806853e-15
1.780788399408510e+00 1.060262988517024e-14
1.856703238773313e+00 2.498001805406602e-16

2.143296761226695e+00 6.921546669147460e-16
1.637491638181829e+00 -1.075528555105620e-16
2.143296761226811e+00 8.049116928532385e-16
1.637491638181847e+00 -4.163336342344337e-17
2.219211600591260e+00 -9.523631883112671e-16
2.143296761226725e+00 -5.360295540768334e-16

2.362508361818159e+00 -2.109423746787797e-15
1.856703238773358e+00 -2.359223927328458e-15
2.362508361818143e+00 -1.082467449009528e-15
1.856703238773265e+00 7.410738689372920e-15
1.856703238773298e+00 3.552713678800501e-15
1.780788399408582e+00 -7.854827899222983e-15

2.364422876917112e+00 -2.164934898019055e-15
1.837712795142657e+00 -2.328692794151266e-14
2.364422876917105e+00 -1.915134717478395e-15
1.837712795142723e+00 8.326672684688674e-15
1.837712795142521e+00 1.060262988517024e-14
1.837712795142646e+00 5.662137425588298e-15

2.316227766016847e+00 -1.665334536937735e-15
1.683772233983160e+00 -2.747801985947262e-15
2.316227766016833e+00 3.497202527569243e-15
1.683772233983154e+00 1.748601263784622e-15
1.683772233983148e+00 3.275157922644212e-15
2.316227766016851e+00 -6.106226635438361e-15

2.143296761226800e+00 -2.067790383364354e-15
1.637491638181850e+00 4.787836793695988e-16
2.143296761226725e+00 -7.077671781985373e-16
1.637491638181850e+00 4.753142324176451e-16
2.143296761226704e+00 -4.912736883966318e-15
2.219211600591249e+00 8.458511668862911e-15

2.316227766016837e+00 -6.938893903907228e-16
1.683772233983161e+00 -3.330669073875470e-16
2.316227766016858e+00 1.595945597898663e-15
1.683772233983148e+00 -2.636779683484747e-16
2.316227766016846e+00 5.273559366969494e-16
1.683772233983150e+00 -6.591949208711867e-16

2.162287204857206e+00 3.122502256758253e-17
1.635577123082890e+00 5.204170427930421e-17
2.162287204857364e+00 -8.291978215169138e-16
1.635577123082876e+00 7.979727989493313e-17
2.162287204857464e+00 1.134509153288832e-15
2.162287204857428e+00 -5.967448757360216e-16

2.143296761226799e+00 7.271960811294775e-15
1.637491638181847e+00 3.330669073875470e-16
2.143296761226658e+00 -2.400857290751901e-15
2.143296761226708e+00 -6.411537967210279e-15
2.219211600591318e+00 1.179611963664229e-15
1.637491638181843e+00 -6.938893903907228e-18

2.143296761226599e+00 6.550315845288424e-15
1.637491638181863e+00 2.775557561562891e-17
2.143296761226658e+00 -2.114974861910923e-14
2.143296761226553e+00 3.758104938356155e-14
1.637491638181876e+00 -2.386979502944087e-15
2.219211600591674e+00 -2.386979502944087e-14

2.316227766016844e+00 -3.053113317719180e-16
1.683772233983153e+00 4.191091917959966e-15
2.316227766016827e+00 5.828670879282072e-16
2.316227766016846e+00 -2.525757381022231e-15
1.683772233983158e+00 9.436895709313831e-16
1.683772233983161e+00 1.443289932012704e-15

2.162287204857348e+00 1.193489751472043e-14
1.635577123082899e+00 -5.440092820663267e-15
2.162287204857294e+00 -6.827871601444713e-15
2.162287204857432e+00 -4.329869796038111e-15
1.635577123082898e+00 -4.274358644806853e-15
2.162287204857380e+00 2.553512956637860e-15

2.162287204857495e+00 1.575128916186941e-15
1.635577123082896e+00 4.198030811863873e-16
2.162287204857422e+00 4.427014310692812e-15
2.162287204857116e+00 -1.679212324745549e-15
2.162287204857414e+00 -4.489464355827977e-15
1.635577123082896e+00 2.359223927328458e-16

2.316227766016760e+00 2.692290834716005e-14
2.316227766016785e+00 2.481348460037225e-14
1.683772233983116e+00 2.153832667772804e-14
1.683772233983099e+00 2.620126338115369e-14
2.000000000000091e+00 -3.880229471064922e-14
2.000000000000082e+00 -2.975397705995420e-14

2.316227766016846e+00 -9.214851104388799e-15
2.316227766016848e+00 -1.620925615952729e-14
1.683772233983159e+00 -1.776356839400250e-15
1.999999999999984e+00 1.398881011027697e-14
1.683772233983173e+00 -4.718447854656915e-15
1.999999999999990e+00 1.704192342799615e-14

2.316227766016823e+00 1.049160758270773e-14
2.316227766016805e+00 1.532107773982716e-14
1.683772233983138e+00 9.853229343548264e-15
2.000000000000024e+00 -2.065014825802791e-14
2.000000000000032e+00 -1.071365218763276e-14
1.683772233983143e+00 1.129651927556097e-14

2.362508361818138e+00 -2.997602166487923e-15
2.362508361818138e+00 -3.275157922644212e-15
1.780788399408470e+00 1.271205363195804e-14
1.856703238773343e+00 1.160183060733289e-14
1.856703238773310e+00 -1.648681191568357e-14
1.856703238773404e+00 -8.104628079763643e-15

2.143296761226700e+00 -2.414735078559715e-14
2.143296761226692e+00 4.829470157119431e-15
2.219211600591508e+00 -4.335420911161236e-14
1.637491638181863e+00 -2.720046410331634e-15
1.637491638181857e+00 1.221245327087672e-15
2.143296761226596e+00 5.961897642237091e-14

2.143296761226641e+00 1.415534356397075e-15
2.143296761226567e+00 8.451572774959004e-15
2.219211600591594e+00 -4.093947403305265e-15
1.637491638181875e+00 -7.355227538141662e-16
2.143296761226672e+00 -4.787836793695988e-15
1.637491638181868e+00 -7.771561172376096e-16

2.143296761226694e+00 -5.440092820663267e-15
2.143296761226795e+00 -2.625677453238495e-14
2.219211600591340e+00 4.546363285840016e-14
2.143296761226651e+00 -1.154631945610163e-14
1.637491638181860e+00 3.885780586188048e-16
1.637491638181857e+00 3.136380044566067e-15

2.316227766016853e+00 5.551115123125783e-15
2.316227766016856e+00 -5.884182030513330e-15
1.999999999999973e+00 2.442490654175344e-15
1.683772233983177e+00 5.551115123125783e-15
1.683772233983188e+00 -4.274358644806853e-15
1.999999999999969e+00 1.443289932012704e-15

2.316227766016854e+00 -1.476596622751458e-14
2.316227766016837e+00 -1.076916333886402e-14
1.999999999999979e+00 1.931788062847772e-14
1.683772233983167e+00 -1.568190022283034e-14
2.000000000000018e+00 1.390554338343009e-14
1.683772233983158e+00 -1.124100812432971e-14

2.362508361818125e+00 6.050715484207103e-15
2.362508361818143e+00 9.436895709313831e-16
1.856703238773322e+00 1.892930256985892e-14
1.780788399408545e+00 -3.130828929442941e-14
1.856703238773308e+00 4.385380947269368e-15
1.856703238773361e+00 -2.997602166487923e-15

2.143296761226618e+00 -4.796163466380676e-14
2.143296761226642e+00 8.326672684688674e-15
1.637491638181869e+00 3.497202527569243e-15
2.219211600591536e+00 1.432187701766452e-14
1.637491638181864e+00 7.549516567451064e-15
2.143296761226676e+00 2.098321516541546e-14

2.143296761226614e+00 2.053912595556540e-15
2.143296761226690e+00 -8.576472865229334e-15
1.637491638181864e+00 3.747002708109903e-16
2.219211600591588e+00 -3.830269434956790e-15
2.143296761226605e+00 8.895661984809067e-15
1.637491638181860e+00 0.000000000000000e+00

2.316227766016766e+00 1.126876369994534e-14
2.316227766016751e+00 7.605027718682322e-15
2.000000000000105e+00 -1.065814103640150e-14
2.000000000000099e+00 -1.704192342799615e-14
1.683772233983107e+00 6.439293542825908e-15
1.683772233983115e+00 6.827871601444713e-15

2.362508361818149e+00 3.275157922644212e-15
2.362508361818126e+00 3.552713678800501e-15
1.856703238773338e+00 -2.031708135064036e-14
1.856703238773395e+00 -4.884981308350689e-15
1.780788399408541e+00 3.330669073875470e-16
1.856703238773256e+00 1.648681191568357e-14

2.143296761226603e+00 5.523359547510154e-15
2.143296761226682e+00 -1.282307593442056e-14
1.637491638181847e+00 5.384581669432009e-15
1.637491638181840e+00 5.356826093816380e-15
2.219211600591469e+00 2.170486013142181e-14
2.143296761226741e+00 -1.951216965778713e-14

2.362508361818150e+00 -2.609024107869118e-15
2.362508361818150e+00 -4.551914400963142e-15
1.856703238773330e+00 -7.771561172376096e-15
1.856703238773300e+00 2.436939539052219e-14
1.856703238773301e+00 2.692290834716005e-14
1.780788399408567e+00 -4.202194148206218e-14

2.364422876917108e+00 -4.884981308350689e-15
2.364422876917101e+00 2.386979502944087e-15
1.837712795142512e+00 3.835820550079916e-14
1.837712795142705e+00 -2.392530618067212e-14
1.837712795142661e+00 -6.938893903907228e-15
1.837712795142655e+00 -1.609823385706477e-15

2.316227766016835e+00 -2.997602166487923e-15
2.316227766016849e+00 4.884981308350689e-15
1.683772233983152e+00 4.218847493575595e-15
1.683772233983168e+00 -9.992007221626409e-16
1.683772233983170e+00 -1.998401444325282e-15
2.316227766016827e+00 -4.218847493575595e-15

2.143296761226669e+00 -6.827871601444713e-15
2.143296761226609e+00 2.814415367424772e-14
1.637491638181865e+00 -1.942890293094024e-16
1.637491638181858e+00 4.218847493575595e-15
2.143296761226670e+00 -2.442490654175344e-15
2.219211600591536e+00 -2.176037128265307e-14

2.316227766016830e+00 -4.718447854656915e-16
2.316227766016811e+00 4.080069615497450e-15
1.683772233983164e+00 4.163336342344337e-17
1.683772233983161e+00 -8.465450562766819e-16
2.316227766016849e+00 -1.110223024625157e-16
1.683772233983171e+00 -1.443289932012704e-15

2.162287204857318e+00 1.865174681370263e-14
2.162287204857447e+00 -1.348920974919565e-14
1.635577123082889e+00 4.135580766728708e-15
1.635577123082901e+00 1.443289932012704e-15
2.162287204857427e+00 -4.657385588302532e-14
2.162287204857252e+00 4.035660694512444e-14

2.143296761226604e+00 9.048317650695026e-15
2.143296761226583e+00 -1.207367539279858e-15
1.637491638181879e+00 -9.436895709313831e-16
2.143296761226616e+00 9.048317650695026e-15
2.219211600591688e+00 -1.680600103526331e-14
1.637491638181876e+00 -1.582067810090848e-15

2.143296761226666e+00 -7.993605777301127e-15
2.143296761226849e+00 -4.307665335545607e-14
1.637491638181837e+00 9.603429163007604e-15
2.143296761226739e+00 -3.741451592986778e-14
1.637491638181841e+00 1.204591981718295e-14
2.219211600591243e+00 8.648637361829969e-14

2.316227766016850e+00 -4.440892098500626e-16
2.316227766016847e+00 2.164934898019055e-15
1.683772233983166e+00 -7.160938508832260e-15
2.316227766016811e+00 1.498801083243961e-15
1.683772233983166e+00 1.054711873393899e-15
1.683772233983174e+00 -3.719247132494274e-15

2.162287204857398e+00 2.731148640577885e-14
2.162287204857317e+00 -6.894484982922222e-14
1.635577123082897e+00 -4.829470157119431e-15
2.162287204857336e+00 4.252154184314350e-14
1.635577123082899e+00 5.551115123125783e-16
2.162287204857402e+00 -9.992007221626409e-16

2.162287204857513e+00 -1.891542478205110e-14
2.162287204857421e+00 5.009881398621019e-15
1.635577123082896e+00 5.551115123125783e-16
2.162287204857360e+00 -6.175615574477433e-15
2.162287204857155e+00 1.966482532367309e-14
1.635577123082903e+00 4.163336342344337e-17

2.143296761226634e+00 -5.662137425588298e-15
2.143296761226685e+00 1.587618925213974e-14
2.143296761226788e+00 -1.104671909502031e-14
2.219211600591377e+00 5.773159728050814e-15
1.637491638181855e+00 -1.887379141862766e-15
1.637491638181851e+00 -4.996003610813204e-16

2.143296761226638e+00 5.787037515858628e-15
2.143296761226716e+00 -6.730727086790012e-16
2.143296761226594e+00 -1.415534356397075e-15
1.637491638181854e+00 -1.318389841742373e-16
2.219211600591536e+00 -3.025357742103552e-15
1.637491638181859e+00 -8.396061623727746e-16

2.143296761226674e+00 1.681987882307112e-14
2.143296761226725e+00 9.214851104388799e-15
2.143296761226704e+00 1.898481372109018e-14
1.637491638181843e+00 5.884182030513330e-15
1.637491638181862e+00 -5.495603971894525e-15
2.219211600591380e+00 -4.163336342344337e-14

2.316227766016844e+00 9.992007221626409e-16
2.316227766016833e+00 3.996802888650564e-15
2.316227766016836e+00 -1.110223024625157e-15
1.683772233983151e+00 -1.332267629550188e-15
1.683772233983163e+00 -1.942890293094024e-15
1.683772233983166e+00 -1.720845688168993e-15

2.162287204857362e+00 8.720801858430605e-14
2.162287204857388e+00 -9.792167077193881e-14
2.162287204857319e+00 -6.661338147750939e-15
1.635577123082883e+00 3.330669073875470e-15
1.635577123082884e+00 1.831867990631508e-15
2.162287204857397e+00 1.443289932012704e-14

2.162287204857325e+00 7.827072323607354e-15
2.162287204857435e+00 -7.910339050454240e-16
2.162287204857297e+00 -9.020562075079397e-16
1.635577123082897e+00 -6.383782391594650e-16
2.162287204857394e+00 -5.800915303666443e-15
1.635577123082899e+00 -1.151856388048600e-15

2.162287204857276e+00 3.919087276926803e-14
2.162287204857343e+00 -1.615374500829603e-14
2.162287204857557e+00 -3.713696017371149e-14
2.162287204857273e+00 2.026157019940911e-14
1.635577123082917e+00 -8.354428260304303e-15
1.635577123082913e+00 -4.996003610813204e-15

3.000000000000002e+00 2.081668171172169e-17
3.000000000000002e+00 -4.163336342344337e-17
3.000000000000002e+00 -1.179611963664229e-16
3.000000000000005e+00 -1.526556658859590e-16
3.000000000000005e+00 -1.526556658859590e-16
3.000000000000002e+00 -9.020562075079397e-17

