9                                                

1.000000000000013e+00 -6.883382752675971e-15
1.000000000000013e+00 -6.883382752675971e-15

1.092999810907036e+00 2.775557561562891e-17
2.165380340383400e+00 -1.276756478318930e-15

1.834619659616603e+00 3.885780586188048e-16
2.907000189092965e+00 -9.992007221626409e-16

2.165380340383400e+00 -2.553512956637860e-15
1.092999810907037e+00 -5.551115123125783e-16

2.000000000000003e+00 3.219646771412954e-15
2.000000000000000e+00 -1.998401444325282e-15

1.163339973465924e+00 -1.221245327087672e-15
2.836660026534074e+00 -1.998401444325282e-15

2.907000189092961e+00 -2.220446049250313e-15
1.834619659616601e+00 4.551914400963142e-15

2.836660026534075e+00 1.776356839400250e-15
1.163339973465924e+00 4.440892098500626e-16

2.999999999999999e+00 0.000000000000000e+00
2.999999999999998e+00 -8.881784197001252e-16

