6                                                

9.999999999999050e-01 4.107825191113079e-15
4.870195893477336e+00 -8.224532166423160e-13
5.488566508765819e+00 -7.518430322761560e-13
6.905036354840137e+00 -4.871658632055187e-13
4.047524790028138e+00 -7.513989430663059e-13
3.799775632355106e+00 -7.436273818939299e-13
4.308252879916004e+00 -7.607248164731573e-13
4.047524793845247e+00 -7.505107646466058e-13
1.945281876890242e+00 -6.239453398393380e-13
2.086050879006147e+00 -6.270539643082884e-13
2.086050914270134e+00 -6.266098750984384e-13
2.235636462315616e+00 -6.308287225920139e-13

0.999999999999444116644e0 -0.377112620644770579759e-15
0.178701969776990539120e2 -0.770321306742260958345e-13
0.164885677371188092734e2 -0.642749742318926564622e-13
0.139050367496890314740e2 -0.415735154635221704211e-13
0.200475259293171498322e2 -0.125292137775900869201e-12
0.207997767091022168397e2 -0.137071777539521377776e-12
0.193082538894288676182e2 -0.111521035461858986082e-12
0.200475259437170819574e2 -0.122770717203568580089e-12
0.289452833386137541993e2 -0.284410515971611488339e-12
0.280860526348942143304e2 -0.278495108918530576148e-12
0.280860529399753864922e2 -0.271694125530963503934e-12
0.272356368216241765644e2 -0.261565942516472915713e-12

0.999999999997724265635497984536e0 -0.254376886839341783423651932534e-16
-0.115688706571553281919933872733e3 0.788675940671895049066047054040e-14
-0.159725910323718759616796358594e3 0.569720965452602889971912227881e-14
-0.471857152315994454520802460982e1 0.135612019399813600038229175948e-15
-0.884703225506990386609547684704e0 0.714671520889629166365417499926e-16
0.354587832934873310674466969524e2 -0.521471528523024297978969260168e-15
-0.381716703604592754716706109054e2 0.116949923142945373935057608333e-14
-0.884703308959764335152129277017e0 0.953952466342602606388798221335e-16
0.353606107002504679329337000949e3 -0.163209401600656407967658528210e-13
0.351305894842850527358177919572e1 -0.315980699357412771390750710068e-15
0.325039332021314139528369015799e3 -0.294664557039105952779633192955e-14
-0.569590371673633190475264868107e1 0.275790203329731841688396801355e-15

0.100000000003390043021252271704e1 -0.435999933988507555641279083476e-19
0.640446759196183064290213173340e2 0.174855068687296745905246551597e-17
-0.108862058823655662894296796944e3 -0.160111075334406771947597219150e-15
-0.678668106986783264119888625235e2 0.892031953117627271445324693481e-16
0.450054086330485958656184446494e3 0.140697883543895617804246577248e-14
0.573674910414197309362782302794e3 0.292445968978180605546975174496e-14
0.323958029013373349449794374094e3 0.148009494373629359449107593855e-14
0.450054086410761157487441149810e3 -0.184564782572178240704641012086e-14
0.169107100764318533629445024824e4 -0.146579511306725816926830410859e-13
-0.404798385446754466968607919881e4 -0.220913639337386037060661538034e-14
0.158785245320255839148041237483e4 0.912507484029756277525231531746e-14
-0.380233818988263182615720806670e4 -0.136511185600647981244010567716e-13

1.000000000000000e+00 0.000000000000000e+00
1.729836592009802e-16 -2.953052395092859e-17
5.099770377738970e-01 -2.220446049250313e-16
1.114376458306333e-15 -3.118527265698559e-16
1.145784380803773e-16 -1.973441198053877e-17
1.000271712869555e-16 -1.782871243668525e-17
1.239725853415253e-16 -2.096167416238682e-17
1.182973380870039e-16 -2.025845589147115e-17
7.953513818267359e-18 -1.259468043966471e-18
1.523272690248303e-17 -2.371938560561819e-18
1.426642946891658e-17 -2.298573678656479e-18
2.539007687105555e-17 -3.955052256630017e-18

9.999999999999963e-01 -1.498801083243961e-15
7.801528998970219e-01 -2.553512956637860e-14
1.331848953351268e+00 -3.086420008457935e-14
3.837694818371346e+00 -3.597122599785507e-14
5.930916845344432e-01 -1.992850329202156e-14
5.357307033951507e-01 -1.765254609153999e-14
6.529003264543299e-01 -2.237099394619690e-14
5.930916851417130e-01 -1.992850329202156e-14
7.961021193143228e-02 -4.128641872824801e-15
1.069577908526149e-01 -5.162537064506978e-15
1.167961208254960e-01 -5.377642775528102e-15
1.464183453573562e-01 -6.508682481864980e-15

